attacker_downlink_bw_mbps_mean,attacker_downlink_delay_ms_mean,attacker_downlink_loss_mean,attacker_reward_mean,attacker_shared_bin_loss_bin_ms_mean,attacker_shared_bin_loss_rate_mean,attacker_shared_bw_fraction_mean,attacker_shared_bw_mbps_mean,attacker_smooth_penalty_mean,attacker_uplink_bw_mbps_mean,attacker_uplink_delay_ms_mean,attacker_uplink_loss_mean,baseline_bbr_previous_action_mean,baseline_bbr_rate_mbps-avg,baseline_bbr_rate_mbps-p50,baseline_bbr_rate_mbps-p95,baseline_bbr_rate_mbps_mean,baseline_bbr_rtt_ms-avg,baseline_bbr_rtt_ms-p50,baseline_bbr_rtt_ms-p95,baseline_bbr_rtt_ms_mean,baseline_best_previous_action_mean,baseline_cubic_previous_action_mean,baseline_cubic_rate_mbps-avg,baseline_cubic_rate_mbps-p50,baseline_cubic_rate_mbps-p95,baseline_cubic_rate_mbps_mean,baseline_cubic_rtt_ms-avg,baseline_cubic_rtt_ms-p50,baseline_cubic_rtt_ms-p95,baseline_cubic_rtt_ms_mean,baseline_reno_previous_action_mean,baseline_reno_rate_mbps-avg,baseline_reno_rate_mbps-p50,baseline_reno_rate_mbps-p95,baseline_reno_rate_mbps_mean,baseline_reno_rtt_ms-avg,baseline_reno_rtt_ms-p50,baseline_reno_rtt_ms-p95,baseline_reno_rtt_ms_mean,controller_decision_count,controller_decision_time_ms-avg,controller_decision_time_ms-p50,controller_decision_time_ms-p95,episode_id,episode_num_steps,episode_progress_mean,episode_total_reward,gap_base_rtt_ms_mean,gap_baseline_score-avg,gap_baseline_score-p50,gap_baseline_score-p95,gap_baseline_score_mean,gap_baseline_weight_bbr-avg,gap_baseline_weight_bbr-p50,gap_baseline_weight_bbr-p95,gap_baseline_weight_bbr_mean,gap_baseline_weight_cubic-avg,gap_baseline_weight_cubic-p50,gap_baseline_weight_cubic-p95,gap_baseline_weight_cubic_mean,gap_baseline_weight_reno-avg,gap_baseline_weight_reno-p50,gap_baseline_weight_reno-p95,gap_baseline_weight_reno_mean,gap_best_baseline_gap-avg,gap_best_baseline_gap-p50,gap_best_baseline_gap-p95,gap_best_baseline_gap_mean,gap_best_baseline_gap_positive_fraction-avg,gap_best_baseline_gap_positive_fraction-p50,gap_best_baseline_gap_positive_fraction-p95,gap_best_baseline_score-avg,gap_best_baseline_score-p50,gap_best_baseline_score-p95,gap_best_baseline_score_mean,gap_best_baseline_wins_mean,gap_path_cap_mbps_mean,gap_reward-avg,gap_reward-p50,gap_reward-p95,gap_reward_mean,gap_score_bbr-avg,gap_score_bbr-p50,gap_score_bbr-p95,gap_score_bbr_loss_norm-avg,gap_score_bbr_loss_norm-p50,gap_score_bbr_loss_norm-p95,gap_score_bbr_loss_norm_mean,gap_score_bbr_loss_penalty-avg,gap_score_bbr_loss_penalty-p50,gap_score_bbr_loss_penalty-p95,gap_score_bbr_loss_penalty_mean,gap_score_bbr_mean,gap_score_bbr_rate_contrib-avg,gap_score_bbr_rate_contrib-p50,gap_score_bbr_rate_contrib-p95,gap_score_bbr_rate_contrib_mean,gap_score_bbr_rate_norm-avg,gap_score_bbr_rate_norm-p50,gap_score_bbr_rate_norm-p95,gap_score_bbr_rate_norm_mean,gap_score_bbr_rtt_contrib-avg,gap_score_bbr_rtt_contrib-p50,gap_score_bbr_rtt_contrib-p95,gap_score_bbr_rtt_contrib_mean,gap_score_bbr_rtt_norm-avg,gap_score_bbr_rtt_norm-p50,gap_score_bbr_rtt_norm-p95,gap_score_bbr_rtt_norm_mean,gap_score_cubic-avg,gap_score_cubic-p50,gap_score_cubic-p95,gap_score_cubic_loss_norm-avg,gap_score_cubic_loss_norm-p50,gap_score_cubic_loss_norm-p95,gap_score_cubic_loss_norm_mean,gap_score_cubic_loss_penalty-avg,gap_score_cubic_loss_penalty-p50,gap_score_cubic_loss_penalty-p95,gap_score_cubic_loss_penalty_mean,gap_score_cubic_mean,gap_score_cubic_rate_contrib-avg,gap_score_cubic_rate_contrib-p50,gap_score_cubic_rate_contrib-p95,gap_score_cubic_rate_contrib_mean,gap_score_cubic_rate_norm-avg,gap_score_cubic_rate_norm-p50,gap_score_cubic_rate_norm-p95,gap_score_cubic_rate_norm_mean,gap_score_cubic_rtt_contrib-avg,gap_score_cubic_rtt_contrib-p50,gap_score_cubic_rtt_contrib-p95,gap_score_cubic_rtt_contrib_mean,gap_score_cubic_rtt_norm-avg,gap_score_cubic_rtt_norm-p50,gap_score_cubic_rtt_norm-p95,gap_score_cubic_rtt_norm_mean,gap_score_reno-avg,gap_score_reno-p50,gap_score_reno-p95,gap_score_reno_loss_norm-avg,gap_score_reno_loss_norm-p50,gap_score_reno_loss_norm-p95,gap_score_reno_loss_norm_mean,gap_score_reno_loss_penalty-avg,gap_score_reno_loss_penalty-p50,gap_score_reno_loss_penalty-p95,gap_score_reno_loss_penalty_mean,gap_score_reno_mean,gap_score_reno_rate_contrib-avg,gap_score_reno_rate_contrib-p50,gap_score_reno_rate_contrib-p95,gap_score_reno_rate_contrib_mean,gap_score_reno_rate_norm-avg,gap_score_reno_rate_norm-p50,gap_score_reno_rate_norm-p95,gap_score_reno_rate_norm_mean,gap_score_reno_rtt_contrib-avg,gap_score_reno_rtt_contrib-p50,gap_score_reno_rtt_contrib-p95,gap_score_reno_rtt_contrib_mean,gap_score_reno_rtt_norm-avg,gap_score_reno_rtt_norm-p50,gap_score_reno_rtt_norm-p95,gap_score_reno_rtt_norm_mean,gap_score_sage-avg,gap_score_sage-p50,gap_score_sage-p95,gap_score_sage_loss_norm-avg,gap_score_sage_loss_norm-p50,gap_score_sage_loss_norm-p95,gap_score_sage_loss_norm_mean,gap_score_sage_loss_penalty-avg,gap_score_sage_loss_penalty-p50,gap_score_sage_loss_penalty-p95,gap_score_sage_loss_penalty_mean,gap_score_sage_mean,gap_score_sage_rate_contrib-avg,gap_score_sage_rate_contrib-p50,gap_score_sage_rate_contrib-p95,gap_score_sage_rate_contrib_mean,gap_score_sage_rate_norm-avg,gap_score_sage_rate_norm-p50,gap_score_sage_rate_norm-p95,gap_score_sage_rate_norm_mean,gap_score_sage_rtt_contrib-avg,gap_score_sage_rtt_contrib-p50,gap_score_sage_rtt_contrib-p95,gap_score_sage_rtt_contrib_mean,gap_score_sage_rtt_norm-avg,gap_score_sage_rtt_norm-p50,gap_score_sage_rtt_norm-p95,gap_score_sage_rtt_norm_mean,gap_value-avg,gap_value-p50,gap_value-p95,gap_value_mean,mm_down_applied_bw_mbps-avg,mm_down_applied_bw_mbps-p50,mm_down_applied_bw_mbps-p95,mm_down_applied_bw_mbps_mean,mm_down_applied_delay_ms_mean,mm_down_applied_effective_after_abs_ms_mean,mm_down_applied_loss_rate_mean,mm_down_applied_step_mean,mm_down_departure_rate_mbps-avg,mm_down_departure_rate_mbps-p50,mm_down_departure_rate_mbps-p95,mm_down_departure_rate_mbps_mean,mm_down_queue_delay_ms_mean,mm_down_queue_packets_mean,mm_up_applied_bw_mbps-avg,mm_up_applied_bw_mbps-p50,mm_up_applied_bw_mbps-p95,mm_up_applied_bw_mbps_mean,mm_up_applied_delay_ms_mean,mm_up_applied_effective_after_abs_ms_mean,mm_up_applied_loss_rate_mean,mm_up_applied_step_mean,mm_up_departure_rate_mbps-avg,mm_up_departure_rate_mbps-p50,mm_up_departure_rate_mbps-p95,mm_up_departure_rate_mbps_mean,mm_up_queue_delay_ms_mean,mm_up_queue_packets_mean,policy_decision_time_ms-avg,policy_decision_time_ms-p50,policy_decision_time_ms-p95,progress_mean,replay_applied_max_bw_mbps,replay_downlink_bw_mbps-avg,replay_downlink_bw_mbps-p50,replay_downlink_bw_mbps-p95,replay_expected_max_bw_mbps,replay_requested_max_bw_mbps,replay_shared_bw_mbps-avg,replay_shared_bw_mbps-p50,replay_shared_bw_mbps-p95,replay_uplink_bw_mbps-avg,replay_uplink_bw_mbps-p50,replay_uplink_bw_mbps-p95,reward-avg,reward-p50,reward-p95,reward_mean,sage_current_delivery_rate_mbps-avg,sage_current_delivery_rate_mbps-p50,sage_current_delivery_rate_mbps-p95,sage_current_delivery_rate_mbps_mean,sage_current_loss_mbps_mean,sage_current_min_rtt_ratio_mean,sage_current_rtt_ms_mean,sage_current_rttvar_ms_mean,sage_delivery_growth_ratio_mean,sage_loss_mbps-avg,sage_loss_mbps-p50,sage_loss_mbps-p95,sage_loss_mbps_mean,sage_max_delivery_growth_ratio_mean,sage_max_windowed_delivery_rate_mbps_mean,sage_max_windowed_rate_mbps_mean,sage_min_rtt_ratio_mean,sage_previous_action_mean,sage_reward-avg,sage_reward-p50,sage_reward-p95,sage_reward_mean,sage_rid_mean,sage_rtt_ms-avg,sage_rtt_ms-p50,sage_rtt_ms-p95,sage_rtt_ms_mean,sage_rttvar_ms_mean,sage_score-avg,sage_score-p50,sage_score-p95,sage_score_loss_norm-avg,sage_score_loss_norm-p50,sage_score_loss_norm-p95,sage_score_loss_norm_mean,sage_score_loss_penalty-avg,sage_score_loss_penalty-p50,sage_score_loss_penalty-p95,sage_score_loss_penalty_mean,sage_score_mean,sage_score_rate_contrib-avg,sage_score_rate_contrib-p50,sage_score_rate_contrib-p95,sage_score_rate_contrib_mean,sage_score_rate_norm-avg,sage_score_rate_norm-p50,sage_score_rate_norm-p95,sage_score_rate_norm_mean,sage_score_rtt_contrib-avg,sage_score_rtt_contrib-p50,sage_score_rtt_contrib-p95,sage_score_rtt_contrib_mean,sage_score_rtt_norm-avg,sage_score_rtt_norm-p50,sage_score_rtt_norm-p95,sage_score_rtt_norm_mean,sage_time_delta_ms_mean,sage_windowed_delivery_rate_mbps_mean,sage_windowed_rate_mbps-avg,sage_windowed_rate_mbps-p50,sage_windowed_rate_mbps-p95,sage_windowed_rate_mbps_mean,shield_decision_time_ms-avg,shield_decision_time_ms-p50,shield_decision_time_ms-p95,trace_type
7.074085001882754,25.0,0.0,0.06270702985683257,0.0,0.0,0.017118890193830196,7.074085001882754,0.01828260192843644,7.074085001882754,25.0,0.0,6.128014858616026,5.516132845935461,4.810499958693981,7.178635969758034,5.516132845935461,169.97719735495355,108.20299983024597,356.01699471473694,169.97719735495355,6.074840500950813,6.957883268594742,5.079219540991624,4.814639873802662,7.82269399613142,5.079219540991624,296.9615592474216,309.6310019493103,356.71465039253235,296.9615592474216,6.818695740480172,5.566295996724971,4.817795008420944,8.259029723703861,5.566295996724971,269.1191808173531,275.19500255584717,346.20675683021545,269.1191808173531,3205.0,10.539120717799399,9.810555027797818,14.711411343887443,generated-000,608.0,0.05058333333333333,38.125874152954204,52.389997243881226,0.6723340127257156,0.69234282742479,0.7311873343175749,0.6723340127257148,0.6710526315789473,1.0,1.0,0.6710526315789473,0.09210526315789473,0.0,1.0,0.09210526315789473,0.23519736842105263,0.0,1.0,0.23519736842105263,0.09154538350798255,0.08409271595338574,0.23419481018144606,0.09154538350798253,0.8717105263157895,1.0,1.0,0.6723340127257156,0.69234282742479,0.7311873343175749,0.6723340127257148,0.8717105263157895,7.074085001882754,0.06270702985683256,0.05880473360877528,0.1657120299098619,0.06270702985683257,0.6630869101724393,0.6913793478777182,0.7272461666450083,0.02823028232694938,0.0,0.027459599543362856,0.028230282326949387,0.004234542349042408,0.0,0.0041189399315044286,0.004234542349042408,0.6630869101724386,0.5606015518959439,0.5772257968783379,0.6,0.5606015518959436,0.934335919826573,0.9620429947972298,1.0,0.934335919826573,0.10671990062553781,0.12098971783877299,0.16354165538081716,0.10671990062553781,0.42687960250215123,0.48395887135509197,0.6541666215232687,0.42687960250215123,0.6159343363162509,0.6203350916676955,0.6468901198043981,0.001978067846238967,0.0,0.01373999984934926,0.001978067846238967,0.00029671017693584504,0.0,0.002060999977402389,0.000296710176935845,0.6159343363162509,0.5676027153861258,0.5776074081659317,0.6,0.5676027153861255,0.9460045256435431,0.9626790136098862,1.0,0.9460045256435429,0.04862833110706099,0.042296388246869585,0.06663995981083287,0.048628331107061024,0.19451332442824396,0.16918555298747834,0.2665598392433315,0.1945133244282441,0.6215741033655573,0.6252255094086582,0.6506757977605758,0.005676593325935406,0.0,0.00228599994443357,0.005676593325935407,0.0008514889988903109,0.0,0.0003428999916650355,0.0008514889988903109,0.6215741033655571,0.5689041961789645,0.5779824033379555,0.6,0.5689041961789643,0.9481736602982741,0.9633040055632591,1.0,0.9481736602982741,0.053521396185483135,0.047500889729423706,0.07035568812735467,0.053521396185483135,0.21408558474193254,0.19000355891769483,0.28142275250941867,0.21408558474193254,0.580788629217733,0.6173496854453099,0.6921373994107096,0.3520111291419551,0.04986392380576029,1.0,0.3520111291419551,0.05280166937129326,0.007479588570864043,0.15,0.052801669371293075,0.580788629217733,0.5726663700105391,0.5837580040097237,0.6,0.5726663700105386,0.9544439500175652,0.9729300066828728,1.0,0.9544439500175654,0.06092392857848712,0.04785070595446546,0.12543062000780786,0.06092392857848722,0.24369571431394849,0.19140282381786183,0.5017224800312314,0.24369571431394887,0.09154538350798255,0.08409271595338574,0.23419481018144606,0.09154538350798253,7.065861317672227,5.0,5.0,7.065861317672227,24.95888157894737,1646173166.0239794,0.0,303.4983552631579,11.263931315980459,9.3861985206604,22.97067642211914,11.263931315980459,203.15512524373634,127.78947368421052,7.065861317672227,5.0,5.0,7.065861317672227,24.95888157894737,1646173166.0239794,0.0,303.4983552631579,0.35186069179326296,0.3306771516799927,0.49466586112976074,0.35186069179326296,0.05387607516910832,127.78947368421052,4.7193730276879995,4.426999948918819,6.166342692449688,0.05058333333333333,150.0,7.074085001882754,5.0,5.0,150.0,150.0,7.074085001882754,5.0,5.0,7.074085001882754,5.0,5.0,0.06270702985683256,0.05880473360877528,0.1657120299098619,0.06270702985683257,4.8104999000068505,4.645580053329468,5.039091072976589,4.802587893592365,3.7045345458170087,0.23725955411301633,255.24194557219744,15.143924344968246,0.9976343428225893,3.7106375681330173,0.3437400097027421,12.066715210676193,3.7045345458170087,0.9977531324287778,8.355596657278703,8.355596657278703,0.23725955411301633,0.019916118318896656,-0.0792555920936871,0.037992700934410095,0.1235222309827804,-0.07912523750142775,493.53782894736844,255.66244301136086,273.55799674987793,352.6209044456482,255.24194557219744,15.143924344968246,0.580788629217733,0.6173496854453099,0.6921373994107096,0.3520111291419551,0.04986392380576029,1.0,0.3520111291419551,0.05280166937129326,0.007479588570864043,0.15,0.052801669371293075,0.580788629217733,0.5726663700105391,0.5837580040097237,0.6,0.5726663700105386,0.9544439500175652,0.9729300066828728,1.0,0.9544439500175654,0.06092392857848712,0.04785070595446546,0.12543062000780786,0.06092392857848722,0.24369571431394849,0.19140282381786183,0.5017224800312314,0.24369571431394887,0.4076172919012606,5.846066241103568,5.855697322225649,4.866490140557289,10.500725135207139,5.846066241103568,5.816282321627771,5.211442010477185,9.610023163259024,gap-constrained-all-hard_50ms_300k_shield
77.5,25.0,0.0,-0.02384942189039721,0.0,0.0,0.5,77.5,0.3324951231479645,77.5,25.0,0.0,2.877500057220459,2.2181250154972076,2.2181250154972076,4.2144375294446945,2.2181250154972076,39.47100043296814,39.47100043296814,74.99490082263947,39.47100043296814,2.877500057220459,2.1610000133514404,0.7534199859946966,0.7534199859946966,1.4314979733899236,0.7534199859946966,31.411001086235046,31.411001086235046,59.68090206384659,31.411001086235046,3.614500045776367,2.4000000208616257,2.4000000208616257,4.560000039637089,2.4000000208616257,179.90299463272095,179.90299463272095,341.8156898021698,179.90299463272095,1117.0,11.039513046332138,10.362523840740323,14.848472969606519,generated-001,2.0,8.333333333333333e-05,-0.04769884378079442,51.41900181770325,0.34759395700026535,0.34759395700026535,0.6604285183005041,0.34759395700026535,0.5,0.5,0.95,0.5,0.0,0.0,0.0,0.0,0.0,0.0,0.0,0.0,-0.010392392599899936,-0.010392392599899936,-0.0010392392599899946,-0.010392392599899936,0.0,0.0,0.0,0.34759395700026535,0.34759395700026535,0.6604285183005041,0.34759395700026535,0.0,77.5,-0.02384942189039721,-0.02384942189039721,-0.0023849421890397232,-0.02384942189039721,0.34759395700026535,0.34759395700026535,0.6604285183005041,0.0,0.0,0.0,0.0,0.0,0.0,0.0,0.0,0.34759395700026535,0.2661750018596649,0.2661750018596649,0.5057325035333633,0.2661750018596649,0.44362500309944153,0.44362500309944153,0.8428875058889389,0.44362500309944153,0.08141895514060042,0.08141895514060042,0.1546960147671408,0.08141895514060042,0.3256758205624017,0.3256758205624017,0.6187840590685632,0.3256758205624017,0.1927212926707938,0.1927212926707938,0.3661704560745082,0.0,0.0,0.0,0.0,0.0,0.0,0.0,0.0,0.1927212926707938,0.0904103983193636,0.0904103983193636,0.1717797568067908,0.0904103983193636,0.15068399719893932,0.15068399719893932,0.2862995946779847,0.15068399719893932,0.10231089435143019,0.10231089435143019,0.19439069926771735,0.10231089435143019,0.40924357740572076,0.40924357740572076,0.7775627970708694,0.40924357740572076,0.2950376495138252,0.2950376495138252,0.5605715340762679,0.07217200007289648,0.07217200007289648,0.1371268001385033,0.07217200007289648,0.010825800010934472,0.010825800010934472,0.020569020020775496,0.010825800010934472,0.2950376495138252,0.2880000025033951,0.2880000025033951,0.5472000047564506,0.2880000025033951,0.48000000417232513,0.48000000417232513,0.9120000079274178,0.48000000417232513,0.017863447021364613,0.017863447021364613,0.03394054934059276,0.017863447021364613,0.07145378808545845,0.07145378808545845,0.13576219736237105,0.07145378808545845,0.3579863496001653,0.3579863496001653,0.680174064240314,0.0,0.0,0.0,0.0,0.0,0.0,0.0,0.0,0.3579863496001653,0.280098594725132,0.280098594725132,0.5321873299777508,0.280098594725132,0.4668309912085533,0.4668309912085533,0.8869788832962513,0.4668309912085533,0.07788775487503329,0.07788775487503329,0.14798673426256323,0.07788775487503329,0.31155101950013314,0.31155101950013314,0.5919469370502529,0.31155101950013314,-0.010392392599899936,-0.010392392599899936,-0.0010392392599899946,-0.010392392599899936,2.5,2.5,4.75,2.5,12.5,824457829.0031725,0.0,303.5,1.8146159648895264,1.8146159648895264,3.4477703332900997,1.8146159648895264,7.9456000328063965,64.0,2.5,2.5,4.75,2.5,12.5,824457829.0031725,0.0,303.5,0.035774096846580505,0.035774096846580505,0.06797078400850295,0.035774096846580505,0.0,64.0,4.981242912765609,4.749123938381672,6.768816942349079,8.333333333333333e-05,5.0,77.5,77.5,142.75,150.0,150.0,77.5,77.5,142.75,77.5,77.5,142.75,-0.02384942189039721,-0.02384942189039721,-0.0023849421890397232,-0.02384942189039721,4.746079817414284,4.746079817414284,4.746079817414284,2.373039908707142,0.0,0.3115510046482086,41.26049876213074,1.7934999465942383,0.5003162622451782,0.0,0.0,0.0,0.0,0.5,2.4150550365448,2.4150550365448,0.3115510046482086,-0.009499999694526196,0.1473453938961029,0.1473453938961029,0.1473453938961029,0.07367269694805145,458.0,82.52099752426147,82.52099752426147,82.52099752426147,41.26049876213074,1.7934999465942383,0.3579863496001653,0.3579863496001653,0.680174064240314,0.0,0.0,0.0,0.0,0.0,0.0,0.0,0.0,0.3579863496001653,0.280098594725132,0.280098594725132,0.5321873299777508,0.280098594725132,0.4668309912085533,0.4668309912085533,0.8869788832962513,0.4668309912085533,0.07788775487503329,0.07788775487503329,0.14798673426256323,0.07788775487503329,0.31155101950013314,0.31155101950013314,0.5919469370502529,0.31155101950013314,0.1028997004032135,2.3341549560427666,4.668309912085533,4.668309912085533,4.668309912085533,2.3341549560427666,6.054680238768872,5.5118410382419825,9.056629240512864,gap-constrained-all-hard_50ms_300k_shield
5.0,25.0,0.0,0.0,0.0,0.0,0.0,5.0,0.0,5.0,25.0,0.0,0.0,0.0,0.0,0.0,0.0,0.0,0.0,0.0,0.0,,0.0,0.0,0.0,0.0,0.0,0.0,0.0,0.0,0.0,0.0,0.0,0.0,0.0,0.0,0.0,0.0,0.0,0.0,584.0,11.928777001504722,10.918818996287882,16.124213207513094,generated-002,1.0,,0.0,51.326000690460205,0.0,0.0,0.0,0.0,0.0,0.0,0.0,0.0,0.0,0.0,0.0,0.0,0.0,0.0,0.0,0.0,0.0,0.0,0.0,0.0,0.0,0.0,0.0,0.0,0.0,0.0,0.0,0.0,5.0,0.0,0.0,0.0,0.0,0.0,0.0,0.0,0.0,0.0,0.0,0.0,0.0,0.0,0.0,0.0,0.0,0.0,0.0,0.0,0.0,0.0,0.0,0.0,0.0,0.0,0.0,0.0,0.0,0.0,0.0,0.0,0.0,0.0,0.0,0.0,0.0,0.0,0.0,0.0,0.0,0.0,0.0,0.0,0.0,0.0,0.0,0.0,0.0,0.0,0.0,0.0,0.0,0.0,0.0,0.0,0.0,0.0,0.0,0.0,0.0,0.0,0.0,0.0,0.0,0.0,0.0,0.0,0.0,0.0,0.0,0.0,0.0,0.0,0.0,0.0,0.0,0.0,0.0,0.0,0.0,0.0,0.0,0.0,0.0,0.0,0.0,0.0,0.0,0.0,0.0,0.0,0.0,0.0,0.0,0.0,0.0,0.0,0.0,0.0,0.0,0.0,0.0,0.0,0.0,0.0,0.0,0.0,0.0,0.0,0.0,0.0,0.0,0.0,0.0,0.0,0.0,0.0,0.0,0.0,0.0,0.0,0.0,0.0,0.0,0.0,-1.0,0.0,-1.0,0.0,0.0,0.0,0.0,0.0,0.0,0.0,0.0,0.0,0.0,0.0,-1.0,0.0,-1.0,0.0,0.0,0.0,0.0,0.0,0.0,5.854255765395826,5.5244265822693706,8.721681660972537,,0.0,5.0,5.0,5.0,5.0,5.0,5.0,5.0,5.0,5.0,5.0,5.0,0.0,0.0,0.0,0.0,,,,,,,,,,,,,,,,,,,,,,,,,,,,,0.0,0.0,0.0,0.0,0.0,0.0,0.0,0.0,0.0,0.0,0.0,0.0,0.0,0.0,0.0,0.0,0.0,0.0,0.0,0.0,0.0,0.0,0.0,0.0,0.0,0.0,0.0,0.0,,,,,,,6.070378246838355,5.149826523847878,8.840423682704568,gap-constrained-all-hard_50ms_300k_shield
126.98332986166311,25.0,0.0,0.13176250702517572,0.0,0.0,0.8536487104457825,126.98332986166311,0.06789180697483378,126.98332986166311,25.0,0.0,9.803341893262642,105.29144482730433,110.26846170425415,143.2521229982376,105.29144482730433,78.07542543078578,53.57150137424469,262.4003553390501,78.07542543078578,9.426913986649625,7.674093030219854,47.50891554472578,32.39786922931671,140.954572558403,47.50891554472578,73.05545816587848,52.81500220298767,232.6257014274595,73.05545816587848,7.19207908719085,29.88951843058647,28.48619520664215,51.658809483051265,29.88951843058647,73.75587431497352,52.74699926376343,235.23500204086272,73.75587431497352,3256.0,11.19282204902065,10.460098390467465,15.244346461258829,generated-003,430.0,0.03575,56.65787802082556,51.3480007648468,0.6638873151312487,0.6896362525121397,0.8165262493327203,0.6638873151312491,0.7930232558139535,1.0,1.0,0.7930232558139535,0.10930232558139535,0.0,1.0,0.10930232558139535,0.09534883720930233,0.0,1.0,0.09534883720930233,0.1780103643705023,0.1581850703245251,0.4450133477270193,0.1780103643705022,0.8418604651162791,1.0,1.0,0.6638873151312487,0.6896362525121397,0.8165262493327203,0.6638873151312491,0.8418604651162791,126.98332986166311,0.13176250702517572,0.10110331605764769,0.36125018587534546,0.13176250702517572,0.6428731892111318,0.6296591156375166,0.8132691153935421,0.13722681667167927,0.019999433308839798,1.0,0.13722681667167927,0.020584022500751892,0.00299991499632597,0.15,0.020584022500751902,0.6428731892111317,0.45156343337289884,0.5391376256942748,0.6,0.451563433372898,0.7526057222881648,0.8985627094904582,1.0,0.752605722288165,0.21189377833898487,0.23958120194262966,0.24702262386274923,0.21189377833898473,0.8475751133559395,0.9583248077705186,0.9880904954509969,0.8475751133559389,0.4749574206698591,0.39753962149364774,0.8023331536900831,0.008481705616915048,0.0,0.01549310324092706,0.008481705616915046,0.001272255842537257,0.0,0.002323965486139059,0.0012722558425372575,0.47495742066985913,0.25730560656408985,0.15803423523902893,0.6,0.25730560656408924,0.42884267760681644,0.2633903920650482,1.0,0.4288426776068169,0.2189240699483065,0.2429961343345358,0.24616831269247733,0.21892406994830668,0.875696279793226,0.9719845373381432,0.9846732507699093,0.8756962797932267,0.41351064493189277,0.3724478649031664,0.7396348951419226,0.0012775787028553906,0.0,0.005260143304864566,0.001277578702855391,0.00019163680542830862,0.0,0.0007890214957296848,0.00019163680542830865,0.4135106449318925,0.19396054338229946,0.13075938289476874,0.6,0.19396054338229948,0.3232675723038324,0.21793230482461456,1.0,0.3232675723038323,0.21974173835502164,0.2433577622497135,0.24632987256195735,0.2197417383550215,0.8789669534200866,0.973431048998854,0.9853194902478294,0.878966953420086,0.4858769507607465,0.4770870644681251,0.7086596321295665,0.25868846890064234,0.18415912985801697,1.0,0.25868846890064234,0.038803270335096354,0.027623869478702545,0.15,0.03880327033509639,0.48587695076074616,0.32328218663627256,0.28930847644805907,0.6,0.32328218663627223,0.5388036443937877,0.4821807940800985,1.0,0.5388036443937878,0.20139803445957022,0.2127675006220545,0.24674082622800397,0.20139803445957022,0.8055921378382809,0.851070002488218,0.9869633049120159,0.8055921378382809,0.1780103643705023,0.1581850703245251,0.4450133477270193,0.1780103643705022,126.93960955863776,150.0,150.0,126.93960955863776,24.941860465116278,1645195149.858071,0.0,214.49767441860465,41.06359943012858,47.35885047912598,50.85188026428222,41.06359943012858,33.539293925793366,127.70232558139534,126.93960955863776,150.0,150.0,126.93960955863776,24.941860465116278,1645195149.858071,0.0,214.49767441860465,0.7765790184569913,0.855217695236206,0.9391031771898269,0.7765790184569913,0.013024311186204297,127.70232558139534,5.3119989806650025,5.0119125517085195,7.407574215903878,0.03575,150.0,126.98332986166311,150.0,150.0,150.0,150.0,126.98332986166311,150.0,150.0,126.98332986166311,150.0,150.0,0.13176250702517572,0.10110331605764769,0.36125018587534546,0.13176250702517572,71.72401479571289,73.01383912563324,143.13134372234344,71.72401479571289,23.555664269816738,0.8007891795662947,78.91186962294024,3.719895350168524,0.9993767362694408,23.555664269816738,24.31184947490692,46.74033522605895,23.555664269816738,1.0007154068281485,89.20907079653685,89.20907079653685,0.8007891795662947,0.042467441746889247,-1.7791435924628045,-0.11975235119462013,16.170067977905273,-1.7791435924628045,534.8209302325581,78.91186962294024,60.33350229263306,243.37069630622838,78.91186962294024,3.719895350168524,0.4858769507607465,0.4770870644681251,0.7086596321295665,0.25868846890064234,0.18415912985801697,1.0,0.25868846890064234,0.038803270335096354,0.027623869478702545,0.15,0.03880327033509639,0.48587695076074616,0.32328218663627256,0.28930847644805907,0.6,0.32328218663627223,0.5388036443937877,0.4821807940800985,1.0,0.5388036443937878,0.20139803445957022,0.2127675006220545,0.24674082622800397,0.20139803445957022,0.8055921378382809,0.851070002488218,0.9869633049120159,0.8055921378382809,0.4793901586255362,67.08780012071826,67.08780012071826,66.65917634963989,110.04651010036463,67.08780012071826,5.876934239843915,5.282926023937762,8.801865857094526,gap-constrained-all-hard_50ms_300k_shield
5.0,25.0,0.0,0.0,0.0,0.0,0.0,5.0,0.0,5.0,25.0,0.0,0.0,0.0,0.0,0.0,0.0,0.0,0.0,0.0,0.0,,0.0,0.0,0.0,0.0,0.0,0.0,0.0,0.0,0.0,0.0,0.0,0.0,0.0,0.0,0.0,0.0,0.0,0.0,738.0,11.17978076107275,10.224672500044107,15.729989146348085,generated-004,1.0,,0.0,52.3859977722168,0.0,0.0,0.0,0.0,0.0,0.0,0.0,0.0,0.0,0.0,0.0,0.0,0.0,0.0,0.0,0.0,0.0,0.0,0.0,0.0,0.0,0.0,0.0,0.0,0.0,0.0,0.0,0.0,5.0,0.0,0.0,0.0,0.0,0.0,0.0,0.0,0.0,0.0,0.0,0.0,0.0,0.0,0.0,0.0,0.0,0.0,0.0,0.0,0.0,0.0,0.0,0.0,0.0,0.0,0.0,0.0,0.0,0.0,0.0,0.0,0.0,0.0,0.0,0.0,0.0,0.0,0.0,0.0,0.0,0.0,0.0,0.0,0.0,0.0,0.0,0.0,0.0,0.0,0.0,0.0,0.0,0.0,0.0,0.0,0.0,0.0,0.0,0.0,0.0,0.0,0.0,0.0,0.0,0.0,0.0,0.0,0.0,0.0,0.0,0.0,0.0,0.0,0.0,0.0,0.0,0.0,0.0,0.0,0.0,0.0,0.0,0.0,0.0,0.0,0.0,0.0,0.0,0.0,0.0,0.0,0.0,0.0,0.0,0.0,0.0,0.0,0.0,0.0,0.0,0.0,0.0,0.0,0.0,0.0,0.0,0.0,0.0,0.0,0.0,0.0,0.0,0.0,0.0,0.0,0.0,0.0,0.0,0.0,0.0,0.0,0.0,0.0,0.0,0.0,-1.0,0.0,-1.0,0.0,0.0,0.0,0.0,0.0,0.0,0.0,0.0,0.0,0.0,0.0,-1.0,0.0,-1.0,0.0,0.0,0.0,0.0,0.0,0.0,5.34922325747658,4.950661910697818,7.633653411176051,,0.0,5.0,5.0,5.0,5.0,5.0,5.0,5.0,5.0,5.0,5.0,5.0,0.0,0.0,0.0,0.0,,,,,,,,,,,,,,,,,,,,,,,,,,,,,0.0,0.0,0.0,0.0,0.0,0.0,0.0,0.0,0.0,0.0,0.0,0.0,0.0,0.0,0.0,0.0,0.0,0.0,0.0,0.0,0.0,0.0,0.0,0.0,0.0,0.0,0.0,0.0,,,,,,,5.826965870075735,5.123964394442737,9.238417877350003,gap-constrained-all-hard_50ms_300k_shield
125.07006165001548,25.0,0.0,0.12960248203978966,0.0,0.0,0.839661865723459,125.07006165001548,0.07198038650594481,125.07006165001548,25.0,0.0,9.871211608671427,110.31079603001028,134.2257022857666,143.41620802879333,110.31079603001028,84.98536515488196,55.417001247406006,329.73230838775595,84.98536515488196,9.517146358624547,7.219629652706193,28.558034514531993,29.569178819656372,39.19937610626221,28.558034514531993,78.81229816290437,52.8469979763031,290.1755094528197,78.81229816290437,7.047190490433358,25.69075589457517,25.010940432548523,40.66934138536452,25.69075589457517,77.88728392523643,52.862000465393066,260.12200355529745,77.88728392523643,3630.0,10.703505273361898,10.000181035138667,14.302904275245961,generated-005,567.0,0.04716666666666666,73.48460731656074,51.80500149726868,0.6835867682618462,0.7719743672649908,0.8152711313728772,0.683586768261846,0.8201058201058201,1.0,1.0,0.8201058201058201,0.10405643738977072,0.0,1.0,0.10405643738977072,0.07407407407407407,0.0,1.0,0.07407407407407407,0.17498539776349512,0.1743872634187752,0.3686851475819943,0.1749853977634951,0.8941798941798942,1.0,1.0,0.6835867682618462,0.7719743672649908,0.8152711313728772,0.683586768261846,0.8941798941798942,125.07006165001548,0.12960248203978958,0.12766256573982804,0.2964344554027224,0.12960248203978966,0.6630477859595927,0.7562235455567249,0.8139658552146235,0.14186821008466458,0.027555865546067555,1.0,0.14186821008466455,0.02128023151269969,0.004133379831910133,0.15,0.021280231512699702,0.6630477859595925,0.4781115340073509,0.5679785728454589,0.6,0.47811153400735124,0.7968525566789181,0.9466309547424316,1.0,0.7968525566789184,0.20621648346494156,0.23364213620165106,0.2488141658511874,0.20621648346494167,0.8248659338597663,0.9345685448066042,0.9952566634047496,0.8248659338597667,0.4137634003237101,0.37478722600491,0.7464194326446645,0.0014135627455240712,0.0,0.0035103400548299156,0.001413562745524071,0.00021203441182861068,0.0,0.0005265510082244873,0.00021203441182861076,0.41376340032371006,0.1964468185993096,0.1294815182685852,0.6,0.1964468185993094,0.3274113643321826,0.215802530447642,1.0,0.327411364332183,0.21752861613622912,0.24505214659511088,0.24860115086841764,0.2175286161362291,0.8701144645449165,0.9802085863804435,0.9944046034736705,0.8701144645449164,0.40281198057626855,0.35585479415775517,0.7382463765241071,0.00212760187010745,0.0,0.00481535339107116,0.00212760187010745,0.0003191402805161174,0.0,0.0007223030086606739,0.0003191402805161173,0.40281198057626894,0.1862535937710577,0.112052321434021,0.6,0.18625359377105752,0.3104226562850962,0.18675386905670166,1.0,0.31042265628509624,0.216877527085727,0.24499188587982984,0.24838470343055175,0.21687752708572716,0.867510108342908,0.9799675435193194,0.993538813722207,0.8675101083429086,0.5086013704983511,0.5013688700800496,0.6617517662080206,0.3263495047655106,0.2297262748082479,1.0,0.3263495047655109,0.048952425714826595,0.03445894122123718,0.15,0.048952425714826525,0.5086013704983512,0.3596078158035598,0.3225889205932617,0.6,0.3596078158035596,0.5993463596725999,0.5376482009887695,1.0,0.5993463596725996,0.19794598040961783,0.21193339866337735,0.2478584802796509,0.19794598040961794,0.7917839216384713,0.8477335946535094,0.9914339211186036,0.7917839216384718,0.17498539776349512,0.1743872634187752,0.3686851475819943,0.1749853977634951,124.80551138546521,150.0,150.0,124.80551138546521,24.955908289241624,1646221266.8386471,0.0,282.9982363315697,62.348241845135966,70.57521057128906,74.46533584594727,62.348241845135966,38.08098673934817,127.7742504409171,124.80551138546521,150.0,150.0,124.80551138546521,24.955908289241624,1646221266.8386471,0.0,282.9982363315697,1.0438890332057151,1.1216986179351807,1.2012030005455017,1.0438890332057151,0.017272909828075708,127.7742504409171,5.058351034598718,4.811338614672422,6.8753817467950284,0.04716666666666666,150.0,125.07006165001548,150.0,150.0,150.0,150.0,125.07006165001548,150.0,150.0,125.07006165001548,150.0,150.0,0.12960248203978958,0.12766256573982804,0.2964344554027224,0.12960248203978966,85.49614309438388,92.70610809326172,144.26403760910034,85.49614309438388,29.95150526016425,0.7810955357719771,82.17322420611373,3.8557054726981823,1.000094498170957,29.95150526016425,31.61625862121582,49.69994992017745,29.95150526016425,1.0005988959071919,98.64588732284213,98.64588732284213,0.7810955357719771,0.023514991099502714,-3.6601411287729766,0.00028139998903498054,16.693253898620583,-3.6601411287729766,460.5026455026455,82.17322420611373,61.11000180244446,245.22800207138033,82.17322420611373,3.8557054726981823,0.5086013704983511,0.5013688700800496,0.6617517662080206,0.3263495047655106,0.2297262748082479,1.0,0.3263495047655109,0.048952425714826595,0.03445894122123718,0.15,0.048952425714826525,0.5086013704983512,0.3596078158035598,0.3225889205932617,0.6,0.3596078158035596,0.5993463596725999,0.5376482009887695,1.0,0.5993463596725996,0.19794598040961783,0.21193339866337735,0.2478584802796509,0.19794598040961794,0.7917839216384713,0.8477335946535094,0.9914339211186036,0.7917839216384718,0.42109301026641166,75.99440954717589,75.99440954717589,73.58754277229309,112.41188883781433,75.99440954717589,5.641480924859232,4.981604521162808,8.524795924313361,gap-constrained-all-hard_50ms_300k_shield
5.0,25.0,0.0,0.0,0.0,0.0,0.0,5.0,0.0,5.0,25.0,0.0,0.0,0.0,0.0,0.0,0.0,0.0,0.0,0.0,0.0,,0.0,0.0,0.0,0.0,0.0,0.0,0.0,0.0,0.0,0.0,0.0,0.0,0.0,0.0,0.0,0.0,0.0,0.0,710.0,11.088635746888082,10.592008591629565,14.54090970801189,generated-006,1.0,,0.0,51.743000745773315,0.0,0.0,0.0,0.0,0.0,0.0,0.0,0.0,0.0,0.0,0.0,0.0,0.0,0.0,0.0,0.0,0.0,0.0,0.0,0.0,0.0,0.0,0.0,0.0,0.0,0.0,0.0,0.0,5.0,0.0,0.0,0.0,0.0,0.0,0.0,0.0,0.0,0.0,0.0,0.0,0.0,0.0,0.0,0.0,0.0,0.0,0.0,0.0,0.0,0.0,0.0,0.0,0.0,0.0,0.0,0.0,0.0,0.0,0.0,0.0,0.0,0.0,0.0,0.0,0.0,0.0,0.0,0.0,0.0,0.0,0.0,0.0,0.0,0.0,0.0,0.0,0.0,0.0,0.0,0.0,0.0,0.0,0.0,0.0,0.0,0.0,0.0,0.0,0.0,0.0,0.0,0.0,0.0,0.0,0.0,0.0,0.0,0.0,0.0,0.0,0.0,0.0,0.0,0.0,0.0,0.0,0.0,0.0,0.0,0.0,0.0,0.0,0.0,0.0,0.0,0.0,0.0,0.0,0.0,0.0,0.0,0.0,0.0,0.0,0.0,0.0,0.0,0.0,0.0,0.0,0.0,0.0,0.0,0.0,0.0,0.0,0.0,0.0,0.0,0.0,0.0,0.0,0.0,0.0,0.0,0.0,0.0,0.0,0.0,0.0,0.0,0.0,0.0,0.0,-1.0,0.0,-1.0,0.0,0.0,0.0,0.0,0.0,0.0,0.0,0.0,0.0,0.0,0.0,-1.0,0.0,-1.0,0.0,0.0,0.0,0.0,0.0,0.0,5.475527154360439,5.197382066398859,7.606614264659584,,0.0,5.0,5.0,5.0,5.0,5.0,5.0,5.0,5.0,5.0,5.0,5.0,0.0,0.0,0.0,0.0,,,,,,,,,,,,,,,,,,,,,,,,,,,,,0.0,0.0,0.0,0.0,0.0,0.0,0.0,0.0,0.0,0.0,0.0,0.0,0.0,0.0,0.0,0.0,0.0,0.0,0.0,0.0,0.0,0.0,0.0,0.0,0.0,0.0,0.0,0.0,,,,,,,5.609434603346171,5.206381902098656,8.022712892852724,gap-constrained-all-hard_50ms_300k_shield
127.88728265890462,25.0,0.0,0.11949704325824109,0.0,0.0,0.8597074965597801,127.88728265890462,0.0667220149010477,127.88728265890462,25.0,0.0,9.811575800809658,113.11094882806867,137.71741390228271,143.42141151428223,113.11094882806867,80.43419956703332,55.49100041389465,278.61499786376953,80.43419956703332,9.530374270711889,7.245827271247322,29.44582438815006,29.984450340270996,39.282819628715515,29.44582438815006,73.25638790048244,52.907001972198486,235.67800521850586,73.25638790048244,7.135579675722031,28.400243226002594,27.69502103328705,42.95737147331238,28.400243226002594,73.74402310935183,52.88100242614746,226.66800022125244,73.74402310935183,3167.0,12.286656786342727,11.41548017039895,17.476573796011508,generated-007,521.0,0.04333333333333333,62.257959537543606,52.077001333236694,0.6908232612097067,0.7741070077872259,0.8183213610852057,0.690823261209707,0.8119001919385797,1.0,1.0,0.8119001919385797,0.12284069097888675,0.0,1.0,0.12284069097888675,0.06333973128598848,0.0,1.0,0.06333973128598848,0.15917609642583405,0.1564843006000609,0.375460421194146,0.15917609642583413,0.8790786948176583,1.0,1.0,0.6908232612097067,0.7741070077872259,0.8183213610852057,0.690823261209707,0.8790786948176583,127.88728265890462,0.11949704325824108,0.10655009433546708,0.30261065073552895,0.11949704325824109,0.6699312277190536,0.7708717856440782,0.8165463383317327,0.13159734622013752,0.02620193362236023,1.0,0.13159734622013752,0.019739601933020625,0.003930290043354034,0.15,0.019739601933020635,0.6699312277190542,0.4802501797830259,0.5691840648651123,0.6,0.4802501797830254,0.8004169663050433,0.9486401081085205,1.0,0.8004169663050434,0.20942064986904826,0.23441213552254297,0.24957349758375283,0.20942064986904793,0.8376825994761931,0.9376485420901719,0.9982939903350113,0.8376825994761917,0.4101221920172606,0.3749987625917837,0.7425689093235817,0.00854593857302986,0.0,0.004323733349641164,0.008545938573029859,0.0012818907859544787,0.0,0.0006485600024461745,0.00128189078595448,0.4101221920172604,0.18901438729863418,0.12901736497879027,0.6,0.189014387298634,0.31502397883105693,0.21502894163131714,1.0,0.315023978831057,0.22238969550458088,0.2460733911797784,0.24947783403031606,0.22238969550458051,0.8895587820183235,0.9842935647191136,0.9979113361212643,0.8895587820183221,0.4076183053370601,0.36556458741393316,0.7389223838346731,0.0017380538444730681,0.0,0.005001666645208995,0.0017380538444730681,0.0002607080766709602,0.0,0.0007502499967813492,0.00026070807667096023,0.4076183053370598,0.1860018352349062,0.12125020027160645,0.6,0.18600183523490618,0.3100030587248437,0.20208366711934408,1.0,0.3100030587248435,0.22187717817882488,0.246175755381786,0.24963091382172023,0.22187717817882482,0.8875087127152995,0.984703021527144,0.9985236552868809,0.8875087127152993,0.5316471647838726,0.5294807713921434,0.7585084950624833,0.22034378126226029,0.173346738020579,1.0,0.22034378126226034,0.03305156718933904,0.02600201070308685,0.15,0.03305156718933906,0.5316471647838723,0.3574912482762793,0.3256637573242187,0.6,0.35749124827627876,0.5958187471271322,0.5427729288736979,1.0,0.5958187471271321,0.20720748369693243,0.21958223869825408,0.25,0.20720748369693243,0.8288299347877297,0.8783289547930163,1.0,0.8288299347877297,0.15917609642583405,0.1564843006000609,0.375460421194146,0.15917609642583413,127.59937478942285,150.0,150.0,127.59937478942285,24.952015355086374,1646072824.4567018,0.0,259.99808061420345,58.132056496651295,67.92127990722656,77.31842041015625,58.132056496651295,30.39645579649089,127.75431861804222,127.59937478942285,150.0,150.0,127.59937478942285,24.952015355086374,1646072824.4567018,0.0,259.99808061420345,0.9565645248813273,1.0807337760925293,1.216051459312439,0.9565645248813273,0.014011510398914597,127.75431861804222,6.043819917417665,5.631476873531938,9.268383146263657,0.04333333333333333,150.0,127.88728265890462,150.0,150.0,150.0,150.0,127.88728265890462,150.0,150.0,127.88728265890462,150.0,150.0,0.11949704325824108,0.10655009433546708,0.30261065073552895,0.11949704325824109,82.3504544931867,80.77868819236755,144.7249412536621,82.3504544931867,21.76601188165724,0.8140156766446218,75.97620164592985,3.3429155354763447,1.0001671275342037,21.76601188165724,20.04344016313553,47.07717001438141,21.76601188165724,1.0014996048127391,100.88354853230338,100.88354853230338,0.8140156766446218,0.024314779504702826,-1.4627724580858148,0.866232693195343,17.891305923461914,-1.4627724580858148,484.01151631477927,75.97620164592985,59.223002195358276,188.21099996566772,75.97620164592985,3.3429155354763447,0.5316471647838726,0.5294807713921434,0.7585084950624833,0.22034378126226029,0.173346738020579,1.0,0.22034378126226034,0.03305156718933904,0.02600201070308685,0.15,0.03305156718933906,0.5316471647838723,0.3574912482762793,0.3256637573242187,0.6,0.35749124827627876,0.5958187471271322,0.5427729288736979,1.0,0.5958187471271321,0.20720748369693243,0.21958223869825408,0.25,0.20720748369693243,0.8288299347877297,0.8783289547930163,1.0,0.8288299347877297,0.44889767307809586,77.91950590837024,77.91950590837024,76.42626762390137,129.283344745636,77.91950590837024,6.238673007813258,5.407880991697311,9.711692109704016,gap-constrained-all-hard_50ms_300k_shield
5.0,25.0,0.0,0.0,0.0,0.0,0.0,5.0,0.0,5.0,25.0,0.0,0.0,0.0,0.0,0.0,0.0,0.0,0.0,0.0,0.0,,0.0,0.0,0.0,0.0,0.0,0.0,0.0,0.0,0.0,0.0,0.0,0.0,0.0,0.0,0.0,0.0,0.0,0.0,740.0,11.391517993478054,10.90368302538991,14.549019595142454,generated-008,1.0,,0.0,52.39199995994568,0.0,0.0,0.0,0.0,0.0,0.0,0.0,0.0,0.0,0.0,0.0,0.0,0.0,0.0,0.0,0.0,0.0,0.0,0.0,0.0,0.0,0.0,0.0,0.0,0.0,0.0,0.0,0.0,5.0,0.0,0.0,0.0,0.0,0.0,0.0,0.0,0.0,0.0,0.0,0.0,0.0,0.0,0.0,0.0,0.0,0.0,0.0,0.0,0.0,0.0,0.0,0.0,0.0,0.0,0.0,0.0,0.0,0.0,0.0,0.0,0.0,0.0,0.0,0.0,0.0,0.0,0.0,0.0,0.0,0.0,0.0,0.0,0.0,0.0,0.0,0.0,0.0,0.0,0.0,0.0,0.0,0.0,0.0,0.0,0.0,0.0,0.0,0.0,0.0,0.0,0.0,0.0,0.0,0.0,0.0,0.0,0.0,0.0,0.0,0.0,0.0,0.0,0.0,0.0,0.0,0.0,0.0,0.0,0.0,0.0,0.0,0.0,0.0,0.0,0.0,0.0,0.0,0.0,0.0,0.0,0.0,0.0,0.0,0.0,0.0,0.0,0.0,0.0,0.0,0.0,0.0,0.0,0.0,0.0,0.0,0.0,0.0,0.0,0.0,0.0,0.0,0.0,0.0,0.0,0.0,0.0,0.0,0.0,0.0,0.0,0.0,0.0,0.0,0.0,-1.0,0.0,-1.0,0.0,0.0,0.0,0.0,0.0,0.0,0.0,0.0,0.0,0.0,0.0,-1.0,0.0,-1.0,0.0,0.0,0.0,0.0,0.0,0.0,5.644668325643383,5.318332463502884,8.100830891635267,,0.0,5.0,5.0,5.0,5.0,5.0,5.0,5.0,5.0,5.0,5.0,5.0,0.0,0.0,0.0,0.0,,,,,,,,,,,,,,,,,,,,,,,,,,,,,0.0,0.0,0.0,0.0,0.0,0.0,0.0,0.0,0.0,0.0,0.0,0.0,0.0,0.0,0.0,0.0,0.0,0.0,0.0,0.0,0.0,0.0,0.0,0.0,0.0,0.0,0.0,0.0,,,,,,,5.7431101493814305,5.31338294968009,8.022094937041402,gap-constrained-all-hard_50ms_300k_shield
126.59588834632366,25.0,0.0,0.09235251939401441,0.0,0.0,0.8470071696734737,126.59588834632366,0.06785548224055458,126.59588834632366,25.0,0.0,9.797369017372272,105.25979960605338,122.99618124961853,143.31709682941437,105.25979960605338,83.41450750607846,57.28900134563446,280.5888950824737,83.41450750607846,9.442922520021671,7.28723061920532,30.4550137908655,30.279619991779327,44.15948063135147,30.4550137908655,77.2889410767608,53.16950082778931,290.67595839500416,77.2889410767608,7.065797063257421,26.49667534867226,26.167050004005432,43.02617415785789,26.49667534867226,75.52426558579026,53.164997696876526,246.93654775619498,75.52426558579026,2936.0,12.799782143989502,11.933387373574078,18.43152684159577,generated-009,542.0,0.04508333333333333,50.05506551155581,51.42599940299988,0.6622904850511372,0.7369047248052814,0.8155202762893463,0.6622904850511383,0.8265682656826568,1.0,1.0,0.8265682656826568,0.08671586715867159,0.0,1.0,0.08671586715867159,0.08487084870848709,0.0,1.0,0.08487084870848709,0.12684844601101125,0.13020520144169284,0.3285755279791793,0.1268484460110113,0.8376383763837638,1.0,1.0,0.6622904850511372,0.7369047248052814,0.8155202762893463,0.6622904850511383,0.8376383763837638,126.59588834632366,0.09235251939401454,0.0855401671138863,0.2571688406638809,0.09235251939401441,0.6390104265373908,0.6832861233949469,0.8084317699089589,0.13852114237676807,0.032541366914908096,1.0,0.13852114237676816,0.02077817135651521,0.004881205037236214,0.15,0.02077817135651522,0.6390104265373917,0.45648274868322053,0.5511144876480103,0.6,0.4564827486832198,0.760804581138701,0.9185241460800171,1.0,0.7608045811387005,0.20330584921068562,0.22433648354604918,0.24648552238417354,0.20330584921068556,0.8132233968427425,0.8973459341841967,0.9859420895366942,0.8132233968427423,0.41347666705416963,0.37674856462417505,0.7420958863020699,0.005859626158183359,0.0,0.004727733321487904,0.0058596261581833585,0.000878943923727504,0.0,0.0007091599982231855,0.0008789439237275044,0.4134766670541695,0.19781121849314712,0.1349422037601471,0.6,0.19781121849314687,0.3296853641552452,0.2249036729335785,1.0,0.32968536415524524,0.21654439248475008,0.241781690652071,0.24615587920211868,0.21654439248475,0.8661775699390003,0.967126762608284,0.9846235168084747,0.866177569939,0.40028480423847784,0.3569226848693735,0.7406071117366152,0.002711478290531853,0.0,0.004635763261467217,0.0027114782905318536,0.0004067217435797779,0.0,0.0006953644892200826,0.0004067217435797778,0.4002848042384778,0.18315727380833227,0.11471986174583435,0.6,0.18315727380833213,0.30526212301388717,0.1911997695763906,1.0,0.3052621230138873,0.2175342521737253,0.241808985625189,0.24592915946232233,0.2175342521737252,0.8701370086949012,0.967235942500756,0.9837166378492893,0.8701370086949008,0.535442039040126,0.5313126425547137,0.7628678780795486,0.2299279972006571,0.16226700320839882,1.0,0.22992799720065685,0.034489199580098565,0.024340050481259822,0.15,0.034489199580098516,0.5354420390401259,0.3660709786135397,0.3462414383888245,0.6,0.366070978613539,0.6101182976892329,0.5770690639813741,1.0,0.6101182976892331,0.20386026000668492,0.21425537454097127,0.2468205573902252,0.20386026000668497,0.8154410400267397,0.8570214981638851,0.9872822295609008,0.8154410400267399,0.12684844601101125,0.13020520144169284,0.3285755279791793,0.1268484460110113,126.58666325407275,150.0,150.0,126.58666325407275,24.95387453874539,1646308435.0709367,0.0,270.4981549815498,68.54886943343821,75.25264739990234,80.90196151733399,68.54886943343821,37.68483545911598,127.76383763837639,126.58666325407275,150.0,150.0,126.58666325407275,24.95387453874539,1646308435.0709367,0.0,270.4981549815498,1.0355095569442998,1.1399800181388855,1.2009618163108826,1.0355095569442998,0.018708040062303748,127.76383763837639,6.248849205154423,5.850513465702534,9.592868154868484,0.04508333333333333,150.0,126.59588834632366,150.0,150.0,150.0,150.0,126.59588834632366,150.0,150.0,126.59588834632366,150.0,150.0,0.09235251939401454,0.0855401671138863,0.2571688406638809,0.09235251939401441,86.1138392731245,91.84451103210449,144.06263411045074,86.1138392731245,20.06723536892641,0.8102591588708308,78.10738187874375,3.400239837223387,1.0013141348353172,20.06723536892641,15.965425223112106,47.03969433903694,20.06723536892641,1.0016747678997773,104.98706951008842,104.98706951008842,0.8102591588708308,0.017616236230789777,1.6334738146340098,2.5355435609817505,18.682019901275634,1.6334738146340098,499.4594095940959,78.10738187874375,60.00550091266632,258.89800667762745,78.10738187874375,3.400239837223387,0.535442039040126,0.5313126425547137,0.7628678780795486,0.2299279972006571,0.16226700320839882,1.0,0.22992799720065685,0.034489199580098565,0.024340050481259822,0.15,0.034489199580098516,0.5354420390401259,0.3660709786135397,0.3462414383888245,0.6,0.366070978613539,0.6101182976892329,0.5770690639813741,1.0,0.6101182976892331,0.20386026000668492,0.21425537454097127,0.2468205573902252,0.20386026000668497,0.8154410400267397,0.8570214981638851,0.9872822295609008,0.8154410400267399,0.47151791040417895,79.24143741134128,79.24143741134128,77.82680988311768,129.90777432918534,79.24143741134128,6.546685497031601,5.793427932076156,9.819232975132763,gap-constrained-all-hard_50ms_300k_shield
5.0,25.0,0.0,-0.0772350307735978,0.0,0.0,0.0,5.0,0.664990246295929,5.0,25.0,0.0,6.129000186920166,4.023339971899986,4.023339971899986,4.023339971899986,4.023339971899986,166.34199619293213,166.34199619293213,166.34199619293213,166.34199619293213,7.218999862670898,4.322000026702881,1.2364399619400501,1.2364399619400501,1.2364399619400501,1.2364399619400501,62.984997034072876,62.984997034072876,62.984997034072876,62.984997034072876,7.218999862670898,4.824290052056313,4.824290052056313,4.824290052056313,4.824290052056313,346.04899883270264,346.04899883270264,346.04899883270264,346.04899883270264,193.0,12.461222384916377,11.896227952092886,16.686743963509794,generated-010,1.0,0.00016666666666666666,-0.0772350307735978,51.50600075721741,0.5648026576656846,0.5648026576656846,0.5648026576656846,0.5648026576656846,0.0,0.0,0.0,0.0,0.0,0.0,0.0,0.0,1.0,1.0,1.0,1.0,-0.07787767614372143,-0.07787767614372143,-0.07787767614372143,-0.07787767614372143,0.0,0.0,0.0,0.5648026576656846,0.5648026576656846,0.5648026576656846,0.5648026576656846,0.0,5.0,-0.0772350307735978,-0.0772350307735978,-0.0772350307735978,-0.0772350307735978,0.5602105938169747,0.5602105938169747,0.5602105938169747,0.0,0.0,0.0,0.0,0.0,0.0,0.0,0.0,0.5602105938169747,0.48280079662799835,0.48280079662799835,0.48280079662799835,0.48280079662799835,0.8046679943799973,0.8046679943799973,0.8046679943799973,0.8046679943799973,0.07740979718897635,0.07740979718897635,0.07740979718897635,0.07740979718897635,0.3096391887559054,0.3096391887559054,0.3096391887559054,0.3096391887559054,0.35281037256468356,0.35281037256468356,0.35281037256468356,0.0,0.0,0.0,0.0,0.0,0.0,0.0,0.0,0.35281037256468356,0.14837279543280602,0.14837279543280602,0.14837279543280602,0.14837279543280602,0.24728799238801003,0.24728799238801003,0.24728799238801003,0.24728799238801003,0.20443757713187755,0.20443757713187755,0.20443757713187755,0.20443757713187755,0.8177503085275102,0.8177503085275102,0.8177503085275102,0.8177503085275102,0.5648026576656846,0.5648026576656846,0.5648026576656846,0.34214798361063004,0.34214798361063004,0.34214798361063004,0.34214798361063004,0.051322197541594505,0.051322197541594505,0.051322197541594505,0.051322197541594505,0.5648026576656846,0.5789148062467575,0.5789148062467575,0.5789148062467575,0.5789148062467575,0.9648580104112625,0.9648580104112625,0.9648580104112625,0.9648580104112625,0.037210048960521616,0.037210048960521616,0.037210048960521616,0.037210048960521616,0.14884019584208646,0.14884019584208646,0.14884019584208646,0.14884019584208646,0.642680333809406,0.642680333809406,0.642680333809406,0.2125380001962185,0.2125380001962185,0.2125380001962185,0.2125380001962185,0.031880700029432774,0.031880700029432774,0.031880700029432774,0.031880700029432774,0.642680333809406,0.5866055935621262,0.5866055935621262,0.5866055935621262,0.5866055935621262,0.9776759892702103,0.9776759892702103,0.9776759892702103,0.9776759892702103,0.08795544027671265,0.08795544027671265,0.08795544027671265,0.08795544027671265,0.3518217611068506,0.3518217611068506,0.3518217611068506,0.3518217611068506,-0.07787767614372143,-0.07787767614372143,-0.07787767614372143,-0.07787767614372143,5.0,5.0,5.0,5.0,25.0,1649381033.458886,0.0,542.0,3.80131196975708,3.80131196975708,3.80131196975708,3.80131196975708,307.222412109375,128.0,5.0,5.0,5.0,5.0,25.0,1649381033.458886,0.0,542.0,0.12991416454315186,0.12991416454315186,0.12991416454315186,0.12991416454315186,0.08959999680519104,128.0,5.96733511198756,5.539635196328163,9.416064061224457,0.00016666666666666666,5.0,5.0,5.0,5.0,5.0,5.0,5.0,5.0,5.0,5.0,5.0,5.0,-0.0772350307735978,-0.0772350307735978,-0.0772350307735978,-0.0772350307735978,4.61370013654232,4.61370013654232,4.61370013654232,4.61370013654232,1.0626900009810925,0.358420193195343,146.3979959487915,12.053000450134277,0.9971789717674255,1.0626900009810925,1.0626900009810925,1.0626900009810925,1.0626900009810925,1.0,4.902210086584091,4.902210086584091,0.358420193195343,0.0,0.029690099880099297,0.029690099880099297,0.029690099880099297,0.029690099880099297,848.0,146.3979959487915,146.3979959487915,146.3979959487915,146.3979959487915,12.053000450134277,0.642680333809406,0.642680333809406,0.642680333809406,0.2125380001962185,0.2125380001962185,0.2125380001962185,0.2125380001962185,0.031880700029432774,0.031880700029432774,0.031880700029432774,0.031880700029432774,0.642680333809406,0.5866055935621262,0.5866055935621262,0.5866055935621262,0.5866055935621262,0.9776759892702103,0.9776759892702103,0.9776759892702103,0.9776759892702103,0.08795544027671265,0.08795544027671265,0.08795544027671265,0.08795544027671265,0.3518217611068506,0.3518217611068506,0.3518217611068506,0.3518217611068506,0.25059080123901367,4.888379946351051,4.888379946351051,4.888379946351051,4.888379946351051,4.888379946351051,6.489901084433566,6.15070597268641,9.292819024994962,gap-constrained-all-hard_50ms_300k_shield
127.50808632089458,25.0,0.0,0.11065266492071599,0.0,0.0,0.8551734892668528,127.50808632089458,0.059007977639589836,127.50808632089458,25.0,0.0,9.81553391797827,114.69412550125101,140.34509658813477,143.35068464279175,114.69412550125101,79.69207527440622,55.98199963569641,260.66180706024136,79.69207527440622,9.5409577772158,7.4964018524239915,36.344932448118925,35.133180022239685,77.13469147682189,36.344932448118925,76.32344233880349,52.80600190162659,273.85540008544905,76.32344233880349,7.131051389011768,28.08470603112781,28.31745147705078,42.74438977241514,28.08470603112781,75.80541677431229,52.7679979801178,255.02560615539545,75.80541677431229,3098.0,11.058895419630732,10.36840002052486,14.952756685670463,generated-011,545.0,0.04533333333333333,60.30570238179021,52.351999282836914,0.7042017658040254,0.7794322491291046,0.8184408436013071,0.7042017658040247,0.8165137614678899,1.0,1.0,0.8165137614678899,0.11926605504587157,0.0,1.0,0.11926605504587157,0.062385321100917435,0.0,1.0,0.062385321100917435,0.14796140008229694,0.1488338865426101,0.3443538719272134,0.14796140008229686,0.9045871559633027,1.0,1.0,0.7042017658040254,0.7794322491291046,0.8184408436013071,0.7042017658040247,0.9045871559633027,127.50808632089458,0.11065266492071608,0.10665207265890052,0.2771721647080843,0.11065266492071599,0.681238642653717,0.7772799445174432,0.8166710618578076,0.13582390119436727,0.026155732572078705,1.0,0.13582390119436724,0.02037358517915509,0.003923359885811805,0.15,0.020373585179155107,0.6812386426537164,0.4920006791763983,0.5681994438171386,0.6,0.49200067917639745,0.8200011319606637,0.9469990730285645,1.0,0.820001131960664,0.20961154865647377,0.23364335722151292,0.25,0.20961154865647394,0.8384461946258951,0.9345734288860517,1.0,0.8384461946258958,0.4378814178191131,0.39838657646718545,0.7374663690788883,0.008039398568853115,0.0,0.016498171085172868,0.008039398568853115,0.0012059097853279676,0.0,0.00247472566277593,0.0012059097853279683,0.43788141781911305,0.2173837394335136,0.15135984420776366,0.6,0.21738373943351336,0.3623062323891894,0.25226640701293945,1.0,0.3623062323891894,0.22170358817092753,0.24784593879775302,0.25,0.22170358817092736,0.8868143526837101,0.9913837551910121,1.0,0.8868143526837095,0.40857011920755465,0.3706161457992487,0.7330186244691344,0.003300158424200008,0.0,0.005724066620071729,0.0033001584242000085,0.0004950237636300012,0.0,0.0008586099930107593,0.0004950237636300012,0.4085701192075546,0.18741339733260406,0.12353535890579223,0.6,0.1874133973326039,0.3123556622210068,0.20589226484298706,1.0,0.31235566222100675,0.22165174563858064,0.2480244079831753,0.25,0.22165174563858053,0.8866069825543226,0.9920976319327012,1.0,0.8866069825543221,0.5562403657217283,0.5552465666927378,0.7595778513416045,0.22023547031775673,0.14477840065956116,1.0,0.22023547031775678,0.033035320547663505,0.02171676009893417,0.15,0.03303532054766347,0.5562403657217285,0.3844257666212764,0.384039568901062,0.6,0.3844257666212765,0.6407096110354608,0.6400659481684366,1.0,0.6407096110354614,0.20484991964811536,0.21748449763236477,0.25,0.20484991964811539,0.8193996785924614,0.8699379905294591,1.0,0.8193996785924615,0.14796140008229694,0.1488338865426101,0.3443538719272134,0.14796140008229686,127.23285696309641,150.0,150.0,127.23285696309641,24.954128440366972,1646425525.8589528,0.0,271.9981651376147,66.79500287475936,77.35310363769531,83.59834136962891,66.79500287475936,35.89742107902645,127.7651376146789,127.23285696309641,150.0,150.0,127.23285696309641,24.954128440366972,1646425525.8589528,0.0,271.9981651376147,1.0718319072089064,1.1697864532470703,1.247196412086487,1.0718319072089064,0.01731790930946964,127.7651376146789,5.379214645811315,5.049289902672172,7.529183686710892,0.04533333333333333,150.0,127.50808632089458,150.0,150.0,150.0,150.0,127.50808632089458,150.0,150.0,127.50808632089458,150.0,150.0,0.11065266492071608,0.10665207265890052,0.2771721647080843,0.11065266492071599,86.0519294285241,93.59974265098572,144.49796438217163,86.0519294285241,17.720408207531847,0.8009987856543392,82.00394867757045,3.3439302772950006,1.001407481552264,17.720408207531847,15.686289966106415,44.31339800357817,17.720408207531847,1.002039681880846,108.99147149482998,108.99147149482998,0.8009987856543392,0.009304587245671027,3.736095936119071,2.7888872623443604,19.09071159362793,3.736095936119071,503.051376146789,82.00394867757045,60.168999433517456,282.27520465850813,82.00394867757045,3.3439302772950006,0.5562403657217283,0.5552465666927378,0.7595778513416045,0.22023547031775673,0.14477840065956116,1.0,0.22023547031775678,0.033035320547663505,0.02171676009893417,0.15,0.03303532054766347,0.5562403657217285,0.3844257666212764,0.384039568901062,0.6,0.3844257666212765,0.6407096110354608,0.6400659481684366,1.0,0.6407096110354614,0.20484991964811536,0.21748449763236477,0.25,0.20484991964811539,0.8193996785924614,0.8699379905294591,1.0,0.8193996785924615,0.43909395162118686,84.64996278901165,84.64996278901165,84.39199924468994,128.21286916732788,84.64996278901165,5.675547333056043,5.133291473612189,8.515582140535113,gap-constrained-all-hard_50ms_300k_shield
5.0,25.0,0.0,0.0,0.0,0.0,0.0,5.0,0.0,5.0,25.0,0.0,0.0,0.0,0.0,0.0,0.0,0.0,0.0,0.0,0.0,,0.0,0.0,0.0,0.0,0.0,0.0,0.0,0.0,0.0,0.0,0.0,0.0,0.0,0.0,0.0,0.0,0.0,0.0,756.0,11.524481466963946,10.93770400620997,15.012370015028864,generated-012,1.0,,0.0,51.35800242424011,0.0,0.0,0.0,0.0,0.0,0.0,0.0,0.0,0.0,0.0,0.0,0.0,0.0,0.0,0.0,0.0,0.0,0.0,0.0,0.0,0.0,0.0,0.0,0.0,0.0,0.0,0.0,0.0,5.0,0.0,0.0,0.0,0.0,0.0,0.0,0.0,0.0,0.0,0.0,0.0,0.0,0.0,0.0,0.0,0.0,0.0,0.0,0.0,0.0,0.0,0.0,0.0,0.0,0.0,0.0,0.0,0.0,0.0,0.0,0.0,0.0,0.0,0.0,0.0,0.0,0.0,0.0,0.0,0.0,0.0,0.0,0.0,0.0,0.0,0.0,0.0,0.0,0.0,0.0,0.0,0.0,0.0,0.0,0.0,0.0,0.0,0.0,0.0,0.0,0.0,0.0,0.0,0.0,0.0,0.0,0.0,0.0,0.0,0.0,0.0,0.0,0.0,0.0,0.0,0.0,0.0,0.0,0.0,0.0,0.0,0.0,0.0,0.0,0.0,0.0,0.0,0.0,0.0,0.0,0.0,0.0,0.0,0.0,0.0,0.0,0.0,0.0,0.0,0.0,0.0,0.0,0.0,0.0,0.0,0.0,0.0,0.0,0.0,0.0,0.0,0.0,0.0,0.0,0.0,0.0,0.0,0.0,0.0,0.0,0.0,0.0,0.0,0.0,0.0,-1.0,0.0,-1.0,0.0,0.0,0.0,0.0,0.0,0.0,0.0,0.0,0.0,0.0,0.0,-1.0,0.0,-1.0,0.0,0.0,0.0,0.0,0.0,0.0,5.7663299650244575,5.456710467115045,8.223194628953934,,0.0,5.0,5.0,5.0,5.0,5.0,5.0,5.0,5.0,5.0,5.0,5.0,0.0,0.0,0.0,0.0,,,,,,,,,,,,,,,,,,,,,,,,,,,,,0.0,0.0,0.0,0.0,0.0,0.0,0.0,0.0,0.0,0.0,0.0,0.0,0.0,0.0,0.0,0.0,0.0,0.0,0.0,0.0,0.0,0.0,0.0,0.0,0.0,0.0,0.0,0.0,,,,,,,5.754292529894325,5.179742001928389,8.314348000567406,gap-constrained-all-hard_50ms_300k_shield
129.26020019870415,25.0,0.0,0.15377837894902982,0.0,0.0,0.8667438567738915,129.26020019870415,0.05736739681339173,129.26020019870415,25.0,0.0,9.87178394489033,114.36034812027478,140.65319299697876,143.14303755760193,114.36034812027478,82.26067282501644,56.61900043487549,321.4489936828613,82.26067282501644,9.552961758856108,7.464963677736359,38.340362451479095,32.19498097896576,101.58849060535418,38.340362451479095,76.55228470981007,52.95500159263611,286.9353055953979,76.55228470981007,7.144665409000608,27.95814570203338,27.20750868320465,43.784362077713006,27.95814570203338,78.80614729274072,52.973002195358276,298.0700922012329,78.80614729274072,3319.0,11.91938556956633,11.134184896945953,16.40224908478558,generated-013,523.0,0.0435,80.4260921903426,51.98799967765808,0.69283731087524,0.7793649756056552,0.8159737702317142,0.6928373108752403,0.8221797323135756,1.0,1.0,0.8221797323135756,0.10325047801147227,0.0,1.0,0.10325047801147227,0.07265774378585087,0.0,1.0,0.07265774378585087,0.2027062259708911,0.22310283595090852,0.37970037903009535,0.20270622597089114,0.9273422562141491,1.0,1.0,0.69283731087524,0.7793649756056552,0.8159737702317142,0.6928373108752403,0.9273422562141491,129.26020019870415,0.15377837894902974,0.16788900728472977,0.30626041386111175,0.15377837894902982,0.6732678854545592,0.7768733405255502,0.8139395190438315,0.13929742261070915,0.02627333253622055,1.0,0.13929742261070913,0.020894613391606375,0.003940999880433082,0.15,0.02089461339160641,0.6732678854545594,0.4855169825479318,0.56850266456604,0.6,0.4855169825479311,0.8091949709132197,0.9475044409434,1.0,0.8091949709132192,0.20864551629823383,0.2295194882675886,0.24912880054328682,0.20864551629823372,0.8345820651929353,0.9180779530703544,0.9965152021731473,0.8345820651929349,0.43521436086216625,0.38195973124523913,0.7628649594686034,0.00712810915546872,0.0,0.017908426995078722,0.007128109155468717,0.001069216373320308,0.0,0.002686264049261808,0.0010692163733203076,0.4352143608621665,0.21475283846547055,0.13774683475494384,0.6,0.21475283846547025,0.3579213974424509,0.2295780579249064,1.0,0.3579213974424511,0.22153073877001597,0.24540236624658757,0.2490505204915273,0.22153073877001608,0.8861229550800639,0.9816094649863503,0.9962020819661092,0.8861229550800643,0.39879556628495627,0.36596026480698507,0.6821855601125172,0.0014035006519971397,0.0,0.0056207068264484406,0.00140350065199714,0.00021052509779957094,0.0,0.000843106023967266,0.00021052509779957097,0.3987955662849564,0.17912104337758258,0.12146904468536376,0.6,0.17912104337758247,0.298535072295971,0.2024484078089396,1.0,0.2985350722959709,0.21988504800517328,0.24534214585726613,0.24910160084071264,0.21988504800517342,0.8795401920206931,0.9813685834290645,0.9964064033628506,0.8795401920206937,0.4901310849043489,0.4769829204045123,0.6993605935904375,0.28164363312057045,0.22234779596328735,1.0,0.28164363312057056,0.04224654496808556,0.0333521693944931,0.15,0.04224654496808553,0.4901310849043495,0.3268371201496074,0.28547048568725586,0.6,0.32683712014960725,0.5447285335826793,0.4757841428120931,1.0,0.5447285335826791,0.20554050972282698,0.21290153463385572,0.249572740109357,0.20554050972282703,0.8221620388913079,0.8516061385354229,0.998290960437428,0.8221620388913081,0.2027062259708911,0.22310283595090852,0.37970037903009535,0.20270622597089114,129.08137721267758,150.0,150.0,129.08137721267758,24.952198852772465,1646405718.733367,0.0,260.9980879541109,59.38565711355118,66.80371856689453,71.3237060546875,59.38565711355118,28.426163413969668,127.75525812619503,129.08137721267758,150.0,150.0,129.08137721267758,24.952198852772465,1646405718.733367,0.0,260.9980879541109,0.9671547966466123,1.0520641803741455,1.129619562625885,0.9671547966466123,0.01311682209587989,127.75525812619503,5.64130796969799,5.301863187924027,8.059223368763922,0.0435,150.0,129.26020019870415,150.0,150.0,150.0,150.0,129.26020019870415,150.0,150.0,129.26020019870415,150.0,150.0,0.15377837894902974,0.16788900728472977,0.30626041386111175,0.15377837894902982,76.03122462424135,74.64770078659058,143.72514724731445,76.03122462424135,26.231299002786624,0.8084772516960852,78.3130860807335,4.112741819406587,1.0009073220748974,26.231299002786624,28.28660011291504,48.33783209323883,26.231299002786624,1.0010369580744785,92.13591817887517,92.13591817887517,0.8084772516960852,0.030061185800908472,-4.091660431166127,0.1924169957637787,15.600347232818601,-4.091660431166127,492.9082217973231,78.3130860807335,61.027997732162476,257.99440860748274,78.3130860807335,4.112741819406587,0.4901310849043489,0.4769829204045123,0.6993605935904375,0.28164363312057045,0.22234779596328735,1.0,0.28164363312057056,0.04224654496808556,0.0333521693944931,0.15,0.04224654496808553,0.4901310849043495,0.3268371201496074,0.28547048568725586,0.6,0.32683712014960725,0.5447285335826793,0.4757841428120931,1.0,0.5447285335826791,0.20554050972282698,0.21290153463385572,0.249572740109357,0.20554050972282703,0.8221620388913079,0.8516061385354229,0.998290960437428,0.8221620388913081,0.4574601679014658,70.73682765574345,70.73682765574345,68.55192184448242,113.53652596473692,70.73682765574345,6.273697052444476,5.601403070613742,9.550654026679693,gap-constrained-all-hard_50ms_300k_shield
150.0,25.0,0.0,0.0,0.0,0.0,1.0,150.0,0.0,150.0,25.0,0.0,0.0,0.0,0.0,0.0,0.0,0.0,0.0,0.0,0.0,,0.0,0.0,0.0,0.0,0.0,0.0,0.0,0.0,0.0,0.0,0.0,0.0,0.0,0.0,0.0,0.0,0.0,0.0,521.0,13.857099517193156,13.377971947193146,18.72152416035533,generated-014,1.0,,0.0,51.683998107910156,0.0,0.0,0.0,0.0,0.0,0.0,0.0,0.0,0.0,0.0,0.0,0.0,0.0,0.0,0.0,0.0,0.0,0.0,0.0,0.0,0.0,0.0,0.0,0.0,0.0,0.0,0.0,0.0,150.0,0.0,0.0,0.0,0.0,0.0,0.0,0.0,0.0,0.0,0.0,0.0,0.0,0.0,0.0,0.0,0.0,0.0,0.0,0.0,0.0,0.0,0.0,0.0,0.0,0.0,0.0,0.0,0.0,0.0,0.0,0.0,0.0,0.0,0.0,0.0,0.0,0.0,0.0,0.0,0.0,0.0,0.0,0.0,0.0,0.0,0.0,0.0,0.0,0.0,0.0,0.0,0.0,0.0,0.0,0.0,0.0,0.0,0.0,0.0,0.0,0.0,0.0,0.0,0.0,0.0,0.0,0.0,0.0,0.0,0.0,0.0,0.0,0.0,0.0,0.0,0.0,0.0,0.0,0.0,0.0,0.0,0.0,0.0,0.0,0.0,0.0,0.0,0.0,0.0,0.0,0.0,0.0,0.0,0.0,0.0,0.0,0.0,0.0,0.0,0.0,0.0,0.0,0.0,0.0,0.0,0.0,0.0,0.0,0.0,0.0,0.0,0.0,0.0,0.0,0.0,0.0,0.0,0.0,0.0,0.0,0.0,0.0,0.0,0.0,0.0,-1.0,0.0,-1.0,0.0,0.0,0.0,0.0,0.0,0.0,0.0,0.0,0.0,0.0,0.0,-1.0,0.0,-1.0,0.0,0.0,0.0,0.0,0.0,0.0,6.7412191152844345,6.234597880393267,10.192003101110458,,0.0,150.0,150.0,150.0,150.0,150.0,150.0,150.0,150.0,150.0,150.0,150.0,0.0,0.0,0.0,0.0,,,,,,,,,,,,,,,,,,,,,,,,,,,,,0.0,0.0,0.0,0.0,0.0,0.0,0.0,0.0,0.0,0.0,0.0,0.0,0.0,0.0,0.0,0.0,0.0,0.0,0.0,0.0,0.0,0.0,0.0,0.0,0.0,0.0,0.0,0.0,,,,,,,7.107590126756743,6.674342090263963,10.75948285870254,gap-constrained-all-hard_50ms_300k_shield
118.33983039855957,25.0,0.0,-0.04584702221790909,0.0,0.0,0.8966160615285238,118.33983039855957,0.22684155901273093,118.33983039855957,25.0,0.0,10.02500025431315,78.52128744125366,67.87593364715576,114.14021402597427,78.52128744125366,62.23516662915548,61.74449920654297,70.24924904108047,62.23516662915548,8.368333339691162,7.765166680018107,26.298741592715185,20.332755148410797,58.768874406814575,26.298741592715185,54.856833815574646,52.709001302719116,59.69550162553787,54.856833815574646,7.712000052134196,58.17118932803472,62.494874000549316,66.88832640647888,58.17118932803472,58.53733321030935,53.8004994392395,69.66600120067596,58.53733321030935,250.0,12.244361703284085,11.682800017297268,16.960880800615993,generated-015,6.0,0.0005833333333333334,-0.2750821333074545,51.56300067901611,0.5995567546832555,0.5485249380243614,0.7928336616605434,0.5995567546832555,0.16666666666666666,0.0,0.75,0.16666666666666666,0.16666666666666666,0.0,0.75,0.16666666666666666,0.6666666666666666,1.0,1.0,0.6666666666666666,-0.08299444978274644,-0.1043793315171922,0.06809002734188985,-0.08299444978274644,0.3333333333333333,0.0,1.0,0.5995567546832555,0.5485249380243614,0.7928336616605434,0.5995567546832555,0.3333333333333333,118.33983039855957,-0.04584702221790909,-0.060647770274160503,0.036199610744582195,-0.04584702221790909,0.5664187191907327,0.5252605155196497,0.752236012781123,0.20481584186664545,0.12312996884187062,0.5220618585692159,0.20481584186664545,0.03072237627999681,0.018469495326280595,0.0783092787853824,0.03072237627999681,0.5664187191907327,0.3884784658749898,0.32242608070373535,0.6,0.3884784658749898,0.6474641097916497,0.5373768011728923,1.0,0.6474641097916497,0.20866262959573975,0.20880956657414013,0.232088811882459,0.20866262959573975,0.834650518382959,0.8352382662965605,0.928355247529836,0.834650518382959,0.4070555794672106,0.367054206211207,0.687942426079793,0.013148207904864179,0.016600390474902076,0.024298049819966156,0.013148207904864179,0.001972231185729627,0.0024900585712353115,0.0036447074729949232,0.001972231185729627,0.4070555794672106,0.17327528965593228,0.1279521405696869,0.45014993926534286,0.17327528965593228,0.2887921494265538,0.2132535676161448,0.7502498987755715,0.2887921494265538,0.23575252099700794,0.24456519010556033,0.24556076948204425,0.23575252099700794,0.9430100839880318,0.9782607604222413,0.982243077928177,0.9430100839880318,0.5378917994250055,0.4953070213448293,0.7342782980043042,0.00423487470994414,0.004973000070701042,0.009104136079178208,0.00423487470994414,0.0006352312064916211,0.0007459500106051564,0.0013656204118767312,0.0006352312064916211,0.5378917994250055,0.3152880889792362,0.2624687790870666,0.5272852275698064,0.3152880889792362,0.525480148298727,0.4374479651451111,0.8788087126163442,0.525480148298727,0.223238941652261,0.23960280342847481,0.24229868891293901,0.223238941652261,0.892955766609044,0.9584112137138993,0.9691947556517561,0.892955766609044,0.6825512044660019,0.6642927885563199,0.7479247355402643,0.20415743066153588,0.14940542976061502,0.45686248318762146,0.20415743066153588,0.03062361459923038,0.022410814464092252,0.06852937247814321,0.03062361459923038,0.6825512044660019,0.49568374156951905,0.4480029344558716,0.6,0.49568374156951905,0.8261395692825317,0.7466715574264526,1.0,0.8261395692825317,0.21749107749571328,0.2199082174486908,0.24277280447046998,0.21749107749571328,0.8699643099828531,0.8796328697947632,0.9710912178818799,0.8699643099828531,-0.08299444978274644,-0.1043793315171922,0.06809002734188985,-0.08299444978274644,118.33983039855957,150.0,150.0,118.33983039855957,25.0,1649641312.9793284,0.0,3.5,78.88754653930664,78.15829849243164,82.0680046081543,78.88754653930664,11.346393013993898,128.0,118.33983039855957,150.0,150.0,118.33983039855957,25.0,1649641312.9793284,0.0,3.5,1.1498947342236836,1.1683121919631958,1.1975331902503967,1.1498947342236836,0.013774380863954624,128.0,5.976603768765926,5.601361393928528,9.081039251759648,0.0005833333333333334,150.0,118.33983039855957,150.0,150.0,150.0,150.0,118.33983039855957,150.0,150.0,118.33983039855957,150.0,150.0,-0.04584702221790909,-0.060647770274160503,0.036199610744582195,-0.04584702221790909,91.23719781637192,101.19820833206177,133.71835052967072,91.23719781637192,17.874749874075253,0.8634854853153229,59.85616544882456,1.4588333318630855,1.0042629341284435,17.874749874075253,18.375155329704285,24.683164060115814,17.874749874075253,1.0,113.35137089093526,113.35137089093526,0.8634854853153229,-0.014666665811091661,1.6535105345149834,0.7159392237663269,5.254475325345993,1.6535105345149834,845.3333333333334,59.85616544882456,58.82500112056732,67.5342470407486,59.85616544882456,1.4588333318630855,0.6825512044660019,0.6642927885563199,0.7479247355402643,0.20415743066153588,0.14940542976061502,0.45686248318762146,0.20415743066153588,0.03062361459923038,0.022410814464092252,0.06852937247814321,0.03062361459923038,0.6825512044660019,0.49568374156951905,0.4480029344558716,0.6,0.49568374156951905,0.8261395692825317,0.7466715574264526,1.0,0.8261395692825317,0.21749107749571328,0.2199082174486908,0.24277280447046998,0.21749107749571328,0.8699643099828531,0.8796328697947632,0.9710912178818799,0.8699643099828531,0.26985351741313934,108.12005003293355,108.12005003293355,111.16774678230286,112.34894692897797,108.12005003293355,6.263917124830186,5.776774603873491,9.264976647682488,gap-constrained-all-hard_50ms_300k_shield
150.0,25.0,0.0,0.0,0.0,0.0,1.0,150.0,0.0,150.0,25.0,0.0,0.0,0.0,0.0,0.0,0.0,0.0,0.0,0.0,0.0,,0.0,0.0,0.0,0.0,0.0,0.0,0.0,0.0,0.0,0.0,0.0,0.0,0.0,0.0,0.0,0.0,0.0,0.0,995.0,12.297979434577739,11.720641050487757,16.423884965479374,generated-016,1.0,,0.0,51.423001289367676,0.0,0.0,0.0,0.0,0.0,0.0,0.0,0.0,0.0,0.0,0.0,0.0,0.0,0.0,0.0,0.0,0.0,0.0,0.0,0.0,0.0,0.0,0.0,0.0,0.0,0.0,0.0,0.0,150.0,0.0,0.0,0.0,0.0,0.0,0.0,0.0,0.0,0.0,0.0,0.0,0.0,0.0,0.0,0.0,0.0,0.0,0.0,0.0,0.0,0.0,0.0,0.0,0.0,0.0,0.0,0.0,0.0,0.0,0.0,0.0,0.0,0.0,0.0,0.0,0.0,0.0,0.0,0.0,0.0,0.0,0.0,0.0,0.0,0.0,0.0,0.0,0.0,0.0,0.0,0.0,0.0,0.0,0.0,0.0,0.0,0.0,0.0,0.0,0.0,0.0,0.0,0.0,0.0,0.0,0.0,0.0,0.0,0.0,0.0,0.0,0.0,0.0,0.0,0.0,0.0,0.0,0.0,0.0,0.0,0.0,0.0,0.0,0.0,0.0,0.0,0.0,0.0,0.0,0.0,0.0,0.0,0.0,0.0,0.0,0.0,0.0,0.0,0.0,0.0,0.0,0.0,0.0,0.0,0.0,0.0,0.0,0.0,0.0,0.0,0.0,0.0,0.0,0.0,0.0,0.0,0.0,0.0,0.0,0.0,0.0,0.0,0.0,0.0,0.0,-1.0,0.0,-1.0,0.0,0.0,0.0,0.0,0.0,0.0,0.0,0.0,0.0,0.0,0.0,-1.0,0.0,-1.0,0.0,0.0,0.0,0.0,0.0,0.0,6.028848512790835,5.762157030403614,8.295331080444155,,0.0,150.0,150.0,150.0,150.0,150.0,150.0,150.0,150.0,150.0,150.0,150.0,0.0,0.0,0.0,0.0,,,,,,,,,,,,,,,,,,,,,,,,,,,,,0.0,0.0,0.0,0.0,0.0,0.0,0.0,0.0,0.0,0.0,0.0,0.0,0.0,0.0,0.0,0.0,0.0,0.0,0.0,0.0,0.0,0.0,0.0,0.0,0.0,0.0,0.0,0.0,,,,,,,6.265087180710093,5.66665199585259,9.164709853939712,gap-constrained-all-hard_50ms_300k_shield
5.0,25.0,0.0,0.1810509767523542,0.0,0.0,0.0,5.0,0.664990246295929,5.0,25.0,0.0,10.217000007629395,119.85945701599121,119.85945701599121,119.85945701599121,119.85945701599121,86.31700277328491,86.31700277328491,86.31700277328491,86.31700277328491,8.954000473022461,8.954000473022461,15.517580509185791,15.517580509185791,15.517580509185791,15.517580509185791,60.106998682022095,60.106998682022095,60.106998682022095,60.106998682022095,7.644000053405762,35.728299617767334,35.728299617767334,35.728299617767334,35.728299617767334,146.4959979057312,146.4959979057312,146.4959979057312,146.4959979057312,142.0,15.721061680151124,15.096777933649719,22.832980286329978,generated-017,1.0,0.00016666666666666666,0.1810509767523542,51.49099826812744,0.8141639051906626,0.8141639051906626,0.8141639051906626,0.8141639051906626,0.0,0.0,0.0,0.0,1.0,1.0,1.0,1.0,0.0,0.0,0.0,0.0,0.2632154136297228,0.2632154136297228,0.2632154136297228,0.2632154136297228,1.0,1.0,1.0,0.8141639051906626,0.8141639051906626,0.8141639051906626,0.8141639051906626,1.0,5.0,0.1810509767523542,0.1810509767523542,0.1810509767523542,0.1810509767523542,0.5991334169797653,0.5991334169797653,0.5991334169797653,1.0,1.0,1.0,1.0,0.15,0.15,0.15,0.15,0.5991334169797653,0.6,0.6,0.6,0.6,1.0,1.0,1.0,1.0,0.14913341697976534,0.14913341697976534,0.14913341697976534,0.14913341697976534,0.5965336679190614,0.5965336679190614,0.5965336679190614,0.5965336679190614,0.8141639051906626,0.8141639051906626,0.8141639051906626,0.0,0.0,0.0,0.0,0.0,0.0,0.0,0.0,0.8141639051906626,0.6,0.6,0.6,0.6,1.0,1.0,1.0,1.0,0.21416390519066258,0.21416390519066258,0.21416390519066258,0.21416390519066258,0.8566556207626503,0.8566556207626503,0.8566556207626503,0.8566556207626503,0.6878709981914684,0.6878709981914684,0.6878709981914684,0.0,0.0,0.0,0.0,0.0,0.0,0.0,0.0,0.6878709981914684,0.6,0.6,0.6,0.6,1.0,1.0,1.0,1.0,0.08787099819146837,0.08787099819146837,0.08787099819146837,0.08787099819146837,0.3514839927658735,0.3514839927658735,0.3514839927658735,0.3514839927658735,0.5509484915609398,0.5509484915609398,0.5509484915609398,1.0,1.0,1.0,1.0,0.15,0.15,0.15,0.15,0.5509484915609398,0.6,0.6,0.6,0.6,1.0,1.0,1.0,1.0,0.10094849156093984,0.10094849156093984,0.10094849156093984,0.10094849156093984,0.40379396624375935,0.40379396624375935,0.40379396624375935,0.40379396624375935,0.2632154136297228,0.2632154136297228,0.2632154136297228,0.2632154136297228,5.0,5.0,5.0,5.0,25.0,1649685053.158147,0.0,1.0,42.19013977050781,42.19013977050781,42.19013977050781,42.19013977050781,304.494384765625,128.0,5.0,5.0,5.0,5.0,25.0,1649685053.158147,0.0,1.0,0.7395902276039124,0.7395902276039124,0.7395902276039124,0.7395902276039124,0.08959999680519104,128.0,8.00830741170269,6.6373038571327925,14.169188367668532,0.00016666666666666666,5.0,5.0,5.0,5.0,5.0,5.0,5.0,5.0,5.0,5.0,5.0,5.0,0.1810509767523542,0.1810509767523542,0.1810509767523542,0.1810509767523542,3.412580117583275,3.412580117583275,3.412580117583275,3.412580117583275,26.998358964920044,0.4009864926338196,127.51799821853638,21.256000518798828,1.0053316354751587,26.998358964920044,26.998358964920044,26.998358964920044,26.998358964920044,1.0053316354751587,62.53933906555176,62.53933906555176,0.4009864926338196,-0.05400000140070915,0.5071895122528076,0.5071895122528076,0.5071895122528076,0.5071895122528076,799.0,127.51799821853638,127.51799821853638,127.51799821853638,127.51799821853638,21.256000518798828,0.5509484915609398,0.5509484915609398,0.5509484915609398,1.0,1.0,1.0,1.0,0.15,0.15,0.15,0.15,0.5509484915609398,0.6,0.6,0.6,0.6,1.0,1.0,1.0,1.0,0.10094849156093984,0.10094849156093984,0.10094849156093984,0.10094849156093984,0.40379396624375935,0.40379396624375935,0.40379396624375935,0.40379396624375935,0.20431029796600342,62.53933906555176,62.53933906555176,62.53933906555176,62.53933906555176,62.53933906555176,7.7086448354620325,7.489038514904678,10.972992726601658,gap-constrained-all-hard_50ms_300k_shield
124.09714009133201,25.0,0.0,0.10466559229915189,0.0,0.0,0.8326397643174596,124.09714009133201,0.07574393899310512,124.09714009133201,25.0,0.0,9.655209038433156,103.36275480404461,128.96169424057007,142.84851551055908,103.36275480404461,89.2791783016821,59.19700264930725,335.2649927139282,89.2791783016821,9.33394538761601,7.2319240083037535,28.242039180973507,28.30997109413147,37.527480721473694,28.242039180973507,82.15233728891313,54.117000102996826,289.3160104751587,82.15233728891313,7.113867008771013,26.620060654972058,26.28878951072693,46.20878994464874,26.620060654972058,83.57845129989389,54.145002365112305,277.8369903564453,83.57845129989389,2682.0,15.66663757643727,14.460046426393092,24.50402395334094,generated-018,421.0,0.034999999999999996,44.064214357942944,51.35499835014343,0.6612100833086278,0.7471014102185,0.8072973443613204,0.6612100833086273,0.7529691211401425,1.0,1.0,0.7529691211401425,0.16389548693586697,0.0,1.0,0.16389548693586697,0.08076009501187649,0.0,1.0,0.08076009501187649,0.143230995208747,0.141352170951056,0.3901048832899497,0.14323099520874705,0.8551068883610451,1.0,1.0,0.6612100833086278,0.7471014102185,0.8072973443613204,0.6612100833086273,0.8551068883610451,124.09714009133201,0.10466559229915193,0.10265891149063287,0.2996457540416008,0.10466559229915189,0.6292867708498773,0.7219413130658019,0.8004605277728336,0.15462504025491663,0.02893120050430298,1.0,0.1546250402549165,0.02319375603823749,0.004339680075645447,0.15,0.023193756038237517,0.6292867708498765,0.4578501520066288,0.5596881866455078,0.6,0.4578501520066281,0.7630835866777146,0.9328136444091797,1.0,0.7630835866777154,0.1946303748814859,0.21685244898520087,0.2431765574784151,0.19463037488148574,0.7785214995259436,0.8674097959408035,0.9727062299136604,0.778521499525943,0.40740609444104864,0.3597936921026698,0.7404830871905257,0.005727306136207246,0.0,0.0062183379065528345,0.005727306136207248,0.0008590959204310869,0.0,0.0009327506859829252,0.0008590959204310864,0.4074060944410488,0.19977027039375303,0.1229669213294983,0.6,0.1997702703937529,0.33295045065625506,0.20494486888249716,1.0,0.33295045065625534,0.2084949199677268,0.23717923731029794,0.24445448132270559,0.20849491996772676,0.8339796798709072,0.9487169492411918,0.9778179252908223,0.833979679870907,0.4013504471362877,0.3578188020582377,0.7055696651016368,0.005263483517482079,0.0,0.0094285998493433,0.005263483517482081,0.0007895225276223119,0.0,0.001414289977401495,0.0007895225276223119,0.4013504471362877,0.1948077345355945,0.12103188037872313,0.6,0.1948077345355944,0.32467955755932415,0.20171980063120523,1.0,0.32467955755932404,0.2073322351283155,0.2371135470401272,0.24452899397630232,0.2073322351283155,0.829328940513262,0.9484541881605087,0.9781159759052093,0.829328940513262,0.517979088099881,0.5199190695647081,0.7103291839172224,0.2713141812543878,0.1674472689628601,1.0,0.2713141812543877,0.040697127188158155,0.025117090344429015,0.15,0.040697127188158155,0.5179790880998816,0.36682836397817115,0.36286599636077876,0.6,0.3668283639781708,0.6113806066302853,0.604776660601298,1.0,0.6113806066302852,0.191847851309868,0.20912741308917746,0.24504235087605536,0.19184785130986792,0.767391405239472,0.8365096523567098,0.9801694035042214,0.7673914052394717,0.143230995208747,0.141352170951056,0.3901048832899497,0.14323099520874705,123.7408455545149,150.0,150.0,123.7408455545149,24.94061757719715,1645813003.1283886,0.0,209.9976247030879,63.452057418234276,67.61285400390625,81.91912078857422,63.452057418234276,43.055293141556746,127.6959619952494,123.7408455545149,150.0,150.0,123.7408455545149,24.94061757719715,1645813003.1283886,0.0,209.9976247030879,0.9463124103189364,1.0036110877990723,1.1576318740844727,0.9463124103189364,0.019411436115079637,127.6959619952494,7.60138551701113,6.82441855315119,13.432402058970181,0.034999999999999996,150.0,124.09714009133201,150.0,150.0,150.0,150.0,124.09714009133201,150.0,150.0,124.09714009133201,150.0,150.0,0.10466559229915193,0.10265891149063287,0.2996457540416008,0.10466559229915189,90.20803774399528,99.46621060371399,147.52428531646729,90.20803774399528,20.961022219175998,0.7641457742580042,89.64793108704538,3.9323942999379278,1.0017794842108412,20.961022219175998,20.622770488262177,44.887471199035645,20.961022219175998,1.0017297088108832,97.00029225767791,97.00029225767791,0.7641457742580042,0.014106888209266097,-0.12245967157838633,0.1393350064754486,15.906789779663086,-0.12245967157838633,452.6104513064133,89.64793108704538,61.39199733734131,304.21199798583984,89.64793108704538,3.9323942999379278,0.517979088099881,0.5199190695647081,0.7103291839172224,0.2713141812543878,0.1674472689628601,1.0,0.2713141812543877,0.040697127188158155,0.025117090344429015,0.15,0.040697127188158155,0.5179790880998816,0.36682836397817115,0.36286599636077876,0.6,0.3668283639781708,0.6113806066302853,0.604776660601298,1.0,0.6113806066302852,0.191847851309868,0.20912741308917746,0.24504235087605536,0.19184785130986792,0.767391405239472,0.8365096523567098,0.9801694035042214,0.7673914052394717,0.5230762280010555,77.55148543350204,77.55148543350204,79.26799058914185,124.11930561065674,77.55148543350204,8.060383925903352,7.271658512763679,13.592878519557411,gap-constrained-all-hard_50ms_300k_shield
5.0,25.0,0.0,0.0,0.0,0.0,0.0,5.0,0.0,5.0,25.0,0.0,0.0,0.0,0.0,0.0,0.0,0.0,0.0,0.0,0.0,,0.0,0.0,0.0,0.0,0.0,0.0,0.0,0.0,0.0,0.0,0.0,0.0,0.0,0.0,0.0,0.0,0.0,0.0,534.0,13.860193471431257,13.12141097150743,20.52152956603095,generated-019,1.0,,0.0,51.56300067901611,0.0,0.0,0.0,0.0,0.0,0.0,0.0,0.0,0.0,0.0,0.0,0.0,0.0,0.0,0.0,0.0,0.0,0.0,0.0,0.0,0.0,0.0,0.0,0.0,0.0,0.0,0.0,0.0,5.0,0.0,0.0,0.0,0.0,0.0,0.0,0.0,0.0,0.0,0.0,0.0,0.0,0.0,0.0,0.0,0.0,0.0,0.0,0.0,0.0,0.0,0.0,0.0,0.0,0.0,0.0,0.0,0.0,0.0,0.0,0.0,0.0,0.0,0.0,0.0,0.0,0.0,0.0,0.0,0.0,0.0,0.0,0.0,0.0,0.0,0.0,0.0,0.0,0.0,0.0,0.0,0.0,0.0,0.0,0.0,0.0,0.0,0.0,0.0,0.0,0.0,0.0,0.0,0.0,0.0,0.0,0.0,0.0,0.0,0.0,0.0,0.0,0.0,0.0,0.0,0.0,0.0,0.0,0.0,0.0,0.0,0.0,0.0,0.0,0.0,0.0,0.0,0.0,0.0,0.0,0.0,0.0,0.0,0.0,0.0,0.0,0.0,0.0,0.0,0.0,0.0,0.0,0.0,0.0,0.0,0.0,0.0,0.0,0.0,0.0,0.0,0.0,0.0,0.0,0.0,0.0,0.0,0.0,0.0,0.0,0.0,0.0,0.0,0.0,0.0,-1.0,0.0,-1.0,0.0,0.0,0.0,0.0,0.0,0.0,0.0,0.0,0.0,0.0,0.0,-1.0,0.0,-1.0,0.0,0.0,0.0,0.0,0.0,0.0,6.862697415210809,6.0926389414817095,11.621507804375138,,0.0,5.0,5.0,5.0,5.0,5.0,5.0,5.0,5.0,5.0,5.0,5.0,0.0,0.0,0.0,0.0,,,,,,,,,,,,,,,,,,,,,,,,,,,,,0.0,0.0,0.0,0.0,0.0,0.0,0.0,0.0,0.0,0.0,0.0,0.0,0.0,0.0,0.0,0.0,0.0,0.0,0.0,0.0,0.0,0.0,0.0,0.0,0.0,0.0,0.0,0.0,,,,,,,6.992818909341448,6.626122049055994,10.766361653804777,gap-constrained-all-hard_50ms_300k_shield
125.3140998087307,25.0,0.0,0.09204823219714212,0.0,0.0,0.8405068764961002,125.3140998087307,0.07083470634378419,125.3140998087307,25.0,0.0,9.797465314959535,112.74363127269662,138.07843327522278,142.96010375022888,112.74363127269662,91.30144575149706,59.48599874973297,345.20045995712275,91.30144575149706,9.524787102595415,7.525116352751704,36.790348695000944,34.72597450017929,68.3794718980789,36.790348695000944,85.81800001977695,53.72700095176697,325.0846540927887,85.81800001977695,7.153371302208098,28.198243566041832,27.89335399866104,47.5119137763977,28.198243566041832,81.58234168987462,53.687500953674316,281.2705564498898,81.58234168987462,2846.0,14.66057790636045,13.867434463463724,20.32365108607337,generated-020,404.0,0.03358333333333333,37.187485807645416,51.50499939918518,0.6900220347805232,0.7667680626706098,0.8091113439205498,0.6900220347805232,0.8168316831683168,1.0,1.0,0.8168316831683168,0.08168316831683169,0.0,1.0,0.08168316831683169,0.09900990099009901,0.0,1.0,0.09900990099009901,0.12325486421006487,0.12157528513492241,0.3196246371951515,0.12325486421006479,0.8564356435643564,1.0,1.0,0.6900220347805232,0.7667680626706098,0.8091113439205498,0.6900220347805232,0.8564356435643564,125.3140998087307,0.09204823219714216,0.08160006908671091,0.25085386529428205,0.09204823219714212,0.6663311979964102,0.7643005576304107,0.8045343804957052,0.15847760862666052,0.03156456723809242,1.0,0.15847760862666044,0.023771641293999075,0.004734685085713863,0.15,0.02377164129399908,0.6663311979964107,0.49675080078899947,0.564784049987793,0.6,0.49675080078899914,0.8279180013149994,0.941306749979655,1.0,0.8279180013149987,0.19335203850140964,0.21639483879942126,0.24458556840051762,0.19335203850140945,0.7734081540056386,0.865579355197685,0.9783422736020705,0.7734081540056378,0.43334205063366854,0.4003777770100304,0.7202088735034531,0.006718211509228026,0.0,0.0446582201588404,0.006718211509228027,0.001007731726384204,0.0,0.006698733023826059,0.001007731726384204,0.4333420506336688,0.22482889594502944,0.16099662184715272,0.6,0.22482889594502914,0.374714826575049,0.2683277030785879,1.0,0.3747148265750491,0.20952088641502326,0.239589341002437,0.24532638407983862,0.20952088641502328,0.838083545660093,0.958357364009748,0.9813055363193545,0.8380835456600931,0.4062650954386831,0.37016194489104326,0.7021899528093339,0.0059182017944604875,0.0,0.035564700840040965,0.0059182017944604875,0.0008877302691690731,0.0,0.005334705126006145,0.000887730269169073,0.40626509543868317,0.19650221039867896,0.12894043922424314,0.6,0.19650221039867888,0.3275036839977983,0.21490073204040527,1.0,0.32750368399779856,0.21065061530917323,0.239810215617387,0.24538202940986364,0.21065061530917323,0.8426024612366929,0.959240862469548,0.9815281176394546,0.8426024612366929,0.5667671705704582,0.5710698418911068,0.7815688038362958,0.215191561348373,0.10226972897847494,1.0,0.21519156134837314,0.032278734202255945,0.015340459346771241,0.15,0.03227873420225596,0.5667671705704576,0.40014835846686003,0.397544801235199,0.6,0.4001483584668596,0.6669139307781,0.6625746687253316,1.0,0.6669139307780997,0.19889754630585413,0.21642212037837566,0.24698775779956383,0.19889754630585402,0.7955901852234165,0.8656884815135026,0.9879510311982553,0.7955901852234161,0.12325486421006487,0.12157528513492241,0.3196246371951515,0.12325486421006479,124.94281268001782,150.0,150.0,124.94281268001782,24.93811881188119,1645764548.1100295,0.0,201.49752475247524,76.39085567115558,82.37083053588867,88.68618240356444,76.39085567115558,35.5751120598415,127.68316831683168,124.94281268001782,150.0,150.0,124.94281268001782,24.93811881188119,1645764548.1100295,0.0,201.49752475247524,1.0835384837914221,1.1517645120620728,1.216100949048996,1.0835384837914221,0.017733700095680496,127.68316831683168,7.235412796856528,6.849145982414484,10.837373265530914,0.03358333333333333,150.0,125.3140998087307,150.0,150.0,150.0,150.0,125.3140998087307,150.0,150.0,125.3140998087307,150.0,150.0,0.09204823219714216,0.08160006908671091,0.25085386529428205,0.09204823219714212,88.91108849427044,103.11000347137451,144.246386885643,88.91108849427044,15.84106783207107,0.7901857896975362,86.81785391994042,3.3872994950345467,0.9988168721446896,15.84106783207107,8.411805331707,46.944438964128494,15.84106783207107,1.0003016855161968,119.94799000976404,119.94799000976404,0.7901857896975362,-0.002294554546277159,4.603128692908243,3.8221209049224854,19.918074607849118,4.603128692908243,427.91336633663366,86.81785391994042,59.450000524520874,292.9551410675047,86.81785391994042,3.3872994950345467,0.5667671705704582,0.5710698418911068,0.7815688038362958,0.215191561348373,0.10226972897847494,1.0,0.21519156134837314,0.032278734202255945,0.015340459346771241,0.15,0.03227873420225596,0.5667671705704576,0.40014835846686003,0.397544801235199,0.6,0.4001483584668596,0.6669139307781,0.6625746687253316,1.0,0.6669139307780997,0.19889754630585413,0.21642212037837566,0.24698775779956383,0.19889754630585402,0.7955901852234165,0.8656884815135026,0.9879510311982553,0.7955901852234161,0.46746280036940435,87.13268394775615,87.13268394775615,91.13871157169342,136.55440747737882,87.13268394775615,7.420473175993136,6.826607976108789,11.048822314478457,gap-constrained-all-hard_50ms_300k_shield
5.0,25.0,0.0,0.0,0.0,0.0,0.0,5.0,0.0,5.0,25.0,0.0,0.0,0.0,0.0,0.0,0.0,0.0,0.0,0.0,0.0,,0.0,0.0,0.0,0.0,0.0,0.0,0.0,0.0,0.0,0.0,0.0,0.0,0.0,0.0,0.0,0.0,0.0,0.0,449.0,14.479962150609838,13.566219946369529,22.61189646087587,generated-021,1.0,,0.0,52.39800214767456,0.0,0.0,0.0,0.0,0.0,0.0,0.0,0.0,0.0,0.0,0.0,0.0,0.0,0.0,0.0,0.0,0.0,0.0,0.0,0.0,0.0,0.0,0.0,0.0,0.0,0.0,0.0,0.0,5.0,0.0,0.0,0.0,0.0,0.0,0.0,0.0,0.0,0.0,0.0,0.0,0.0,0.0,0.0,0.0,0.0,0.0,0.0,0.0,0.0,0.0,0.0,0.0,0.0,0.0,0.0,0.0,0.0,0.0,0.0,0.0,0.0,0.0,0.0,0.0,0.0,0.0,0.0,0.0,0.0,0.0,0.0,0.0,0.0,0.0,0.0,0.0,0.0,0.0,0.0,0.0,0.0,0.0,0.0,0.0,0.0,0.0,0.0,0.0,0.0,0.0,0.0,0.0,0.0,0.0,0.0,0.0,0.0,0.0,0.0,0.0,0.0,0.0,0.0,0.0,0.0,0.0,0.0,0.0,0.0,0.0,0.0,0.0,0.0,0.0,0.0,0.0,0.0,0.0,0.0,0.0,0.0,0.0,0.0,0.0,0.0,0.0,0.0,0.0,0.0,0.0,0.0,0.0,0.0,0.0,0.0,0.0,0.0,0.0,0.0,0.0,0.0,0.0,0.0,0.0,0.0,0.0,0.0,0.0,0.0,0.0,0.0,0.0,0.0,0.0,-1.0,0.0,-1.0,0.0,0.0,0.0,0.0,0.0,0.0,0.0,0.0,0.0,0.0,0.0,-1.0,0.0,-1.0,0.0,0.0,0.0,0.0,0.0,0.0,7.007587760715913,6.157883908599615,12.145957071334118,,0.0,5.0,5.0,5.0,5.0,5.0,5.0,5.0,5.0,5.0,5.0,5.0,0.0,0.0,0.0,0.0,,,,,,,,,,,,,,,,,,,,,,,,,,,,,0.0,0.0,0.0,0.0,0.0,0.0,0.0,0.0,0.0,0.0,0.0,0.0,0.0,0.0,0.0,0.0,0.0,0.0,0.0,0.0,0.0,0.0,0.0,0.0,0.0,0.0,0.0,0.0,,,,,,,7.467905543267495,7.169143995270133,11.330629978328943,gap-constrained-all-hard_50ms_300k_shield
126.71501604903419,25.0,0.0,0.1013077368188992,0.0,0.0,0.8510054019104056,126.71501604903419,0.0659436729279751,126.71501604903419,25.0,0.0,9.798992922845876,111.33772448882601,136.96842193603516,143.25724840164185,111.33772448882601,80.96643876073496,57.78350234031677,274.9647068977356,80.96643876073496,9.498047171898609,7.384762869480084,37.62286882122697,31.649699807167053,126.11794888973235,37.62286882122697,78.77579483221162,53.43199968338013,278.0457985401153,78.77579483221162,7.099221706390381,27.095192848300595,27.17481404542923,43.722344785928726,27.095192848300595,78.09187495764697,53.25800180435181,296.2802529335021,78.09187495764697,2679.0,14.46051303555924,13.607104076072574,20.766755379736423,generated-022,424.0,0.03525,42.95448041121326,51.73799991607666,0.6978079884651017,0.7678545670007044,0.8134654478741933,0.6978079884651018,0.7594339622641509,1.0,1.0,0.7594339622641509,0.18160377358490565,0.0,1.0,0.18160377358490565,0.05660377358490566,0.0,1.0,0.05660377358490566,0.13286034575294445,0.13376745104584942,0.3403908037155902,0.13286034575294436,0.8702830188679245,1.0,1.0,0.6978079884651017,0.7678545670007044,0.8134654478741933,0.6978079884651018,0.8702830188679245,126.71501604903419,0.10130773681889915,0.09788501980745054,0.26762809795213793,0.1013077368188992,0.6636032734185143,0.7622797796298767,0.8113804321956015,0.139054866976512,0.025460900117953617,1.0,0.1390548669765121,0.020858230046476803,0.0038191350176930423,0.15,0.020858230046476835,0.6636032734185144,0.4813493456162586,0.5630798101425171,0.6,0.48134934561625803,0.802248909360431,0.9384663502375284,1.0,0.8022489093604313,0.2031121578487326,0.22363711752324492,0.24731666151166828,0.20311215784873263,0.8124486313949304,0.8945484700929797,0.9892666460466731,0.8124486313949305,0.4366657835018995,0.375603872802011,0.7656659192992438,0.011128649369486017,0.0,0.013922539010424102,0.01112864936948602,0.0016692974054229024,0.0,0.0020883808515636156,0.0016692974054229024,0.43666578350189894,0.22256440590784035,0.13374026417732238,0.6,0.22256440590784043,0.37094067651306717,0.22290044029553732,1.0,0.37094067651306706,0.215770674999482,0.24201062888973057,0.24747231988073864,0.21577067499948172,0.863082699997928,0.9680425155589223,0.9898892795229546,0.8630826999979269,0.400902901277112,0.35825412645876364,0.7243140302052837,0.005642535613909661,0.0,0.009275341083909821,0.005642535613909664,0.0008463803420864491,0.0,0.0013913011625864733,0.0008463803420864495,0.40090290127711176,0.1849106875606552,0.11583710312843322,0.6,0.18491068756065535,0.3081844792677587,0.1930618385473887,1.0,0.3081844792677586,0.21683859405854317,0.24277149802987527,0.2473999129948638,0.2168385940585431,0.8673543762341727,0.9710859921195011,0.9895996519794552,0.8673543762341724,0.5649476427121572,0.5676042351215831,0.7293611996810944,0.2003289003873591,0.09669163326422373,1.0,0.2003289003873592,0.030049335058103862,0.014503744989633558,0.15,0.03004933505810388,0.5649476427121572,0.38983414268797456,0.382863712310791,0.6,0.38983414268797434,0.6497235711466243,0.6381061871846517,1.0,0.6497235711466243,0.20516283508228653,0.22127678851222543,0.24864021278298032,0.20516283508228675,0.8206513403291461,0.8851071540489017,0.9945608511319213,0.820651340329147,0.13286034575294445,0.13376745104584942,0.3403908037155902,0.13286034575294436,126.36124246412854,150.0,150.0,126.36124246412854,24.941037735849058,1646066571.5758462,0.0,211.49764150943398,65.73797558950928,68.6945686340332,86.4311351776123,65.73797558950928,31.66024275814328,127.69811320754717,126.36124246412854,150.0,150.0,126.36124246412854,24.941037735849058,1646066571.5758462,0.0,211.49764150943398,1.0168904388534292,1.0990166068077087,1.227362298965454,1.0168904388534292,0.014538248624204535,127.69811320754717,7.088872241572425,6.6003999672830105,11.059029935859142,0.03525,150.0,126.71501604903419,150.0,150.0,150.0,150.0,126.71501604903419,150.0,150.0,126.71501604903419,150.0,150.0,0.10130773681889915,0.09788501980745054,0.26762809795213793,0.1013077368188992,86.10009843964605,97.66976535320282,144.04865503311157,86.10009843964605,16.53348662035775,0.8112470599699695,77.6578795937997,3.380389170703601,1.0003925237172056,16.53348662035775,9.11419503390789,46.87944620847701,16.53348662035775,1.0005975396565672,111.03298615857537,111.03298615857537,0.8112470599699695,0.0025943397203315364,3.8156874180953446,4.771077394485474,18.392751216888424,3.8156874180953446,472.17216981132077,77.6578795937997,58.45400094985962,223.45645070075983,77.6578795937997,3.380389170703601,0.5649476427121572,0.5676042351215831,0.7293611996810944,0.2003289003873591,0.09669163326422373,1.0,0.2003289003873592,0.030049335058103862,0.014503744989633558,0.15,0.03004933505810388,0.5649476427121572,0.38983414268797456,0.382863712310791,0.6,0.38983414268797434,0.6497235711466243,0.6381061871846517,1.0,0.6497235711466243,0.20516283508228653,0.22127678851222543,0.24864021278298032,0.20516283508228675,0.8206513403291461,0.8851071540489017,0.9945608511319213,0.820651340329147,0.48691412353150126,85.60209909699998,85.60209909699998,86.5000307559967,127.45691239833832,85.60209909699998,7.366702549810306,6.636054953560233,11.356631782837205,gap-constrained-all-hard_50ms_300k_shield
5.0,25.0,0.0,0.0,0.0,0.0,0.0,5.0,0.0,5.0,25.0,0.0,0.0,0.0,0.0,0.0,0.0,0.0,0.0,0.0,0.0,,0.0,0.0,0.0,0.0,0.0,0.0,0.0,0.0,0.0,0.0,0.0,0.0,0.0,0.0,0.0,0.0,0.0,0.0,623.0,13.233931057968357,12.812054017558694,18.04638968314975,generated-023,1.0,,0.0,51.4989972114563,0.0,0.0,0.0,0.0,0.0,0.0,0.0,0.0,0.0,0.0,0.0,0.0,0.0,0.0,0.0,0.0,0.0,0.0,0.0,0.0,0.0,0.0,0.0,0.0,0.0,0.0,0.0,0.0,5.0,0.0,0.0,0.0,0.0,0.0,0.0,0.0,0.0,0.0,0.0,0.0,0.0,0.0,0.0,0.0,0.0,0.0,0.0,0.0,0.0,0.0,0.0,0.0,0.0,0.0,0.0,0.0,0.0,0.0,0.0,0.0,0.0,0.0,0.0,0.0,0.0,0.0,0.0,0.0,0.0,0.0,0.0,0.0,0.0,0.0,0.0,0.0,0.0,0.0,0.0,0.0,0.0,0.0,0.0,0.0,0.0,0.0,0.0,0.0,0.0,0.0,0.0,0.0,0.0,0.0,0.0,0.0,0.0,0.0,0.0,0.0,0.0,0.0,0.0,0.0,0.0,0.0,0.0,0.0,0.0,0.0,0.0,0.0,0.0,0.0,0.0,0.0,0.0,0.0,0.0,0.0,0.0,0.0,0.0,0.0,0.0,0.0,0.0,0.0,0.0,0.0,0.0,0.0,0.0,0.0,0.0,0.0,0.0,0.0,0.0,0.0,0.0,0.0,0.0,0.0,0.0,0.0,0.0,0.0,0.0,0.0,0.0,0.0,0.0,0.0,-1.0,0.0,-1.0,0.0,0.0,0.0,0.0,0.0,0.0,0.0,0.0,0.0,0.0,0.0,-1.0,0.0,-1.0,0.0,0.0,0.0,0.0,0.0,0.0,6.3442022813989345,5.994328996166587,9.494659886695443,,0.0,5.0,5.0,5.0,5.0,5.0,5.0,5.0,5.0,5.0,5.0,5.0,0.0,0.0,0.0,0.0,,,,,,,,,,,,,,,,,,,,,,,,,,,,,0.0,0.0,0.0,0.0,0.0,0.0,0.0,0.0,0.0,0.0,0.0,0.0,0.0,0.0,0.0,0.0,0.0,0.0,0.0,0.0,0.0,0.0,0.0,0.0,0.0,0.0,0.0,0.0,,,,,,,6.885444823156199,6.276999833062291,9.48381491471082,gap-constrained-all-hard_50ms_300k_shield
121.42752263629085,25.0,0.0,0.09016962538982812,0.0,0.0,0.8168653891329472,121.42752263629085,0.08540881894548841,121.42752263629085,25.0,0.0,9.563198384906269,99.22767432641248,119.65088844299316,143.0679988861084,99.22767432641248,95.96146140597142,59.23900008201599,353.94100189208984,95.96146140597142,9.202353873777007,7.267085797665266,29.38765025929855,29.7468900680542,53.67751717567444,29.38765025929855,88.64382316855259,54.32800054550171,329.6350002288815,88.64382316855259,7.087501364802547,26.200688509495265,25.432729721069336,44.70997393131256,26.200688509495265,85.66087140794095,54.15300130844116,303.67960929870605,85.66087140794095,2337.0,16.405692813913213,15.250464901328087,25.63139144331216,generated-024,373.0,0.030999999999999996,33.63327027040589,52.632999420166016,0.6462487030339726,0.7263503350511333,0.8146031017319076,0.6462487030339726,0.7050938337801609,1.0,1.0,0.7050938337801609,0.19839142091152814,0.0,1.0,0.19839142091152814,0.0938337801608579,0.0,1.0,0.0938337801608579,0.12128587358291237,0.13031273032674634,0.32244164251727186,0.12128587358291239,0.8176943699731903,1.0,1.0,0.6462487030339726,0.7263503350511333,0.8146031017319076,0.6462487030339726,0.8176943699731903,121.42752263629085,0.09016962538982803,0.08710192500698571,0.25393546423379565,0.09016962538982812,0.6098298716124487,0.6772432266190807,0.8088128545285461,0.18474215087786386,0.03164619952440262,1.0,0.18474215087786378,0.027711322631679584,0.004746929928660393,0.15,0.027711322631679594,0.6098298716124488,0.4427960561501638,0.5615242004394531,0.6,0.44279605615016326,0.7379934269169397,0.9358736673990885,1.0,0.7379934269169399,0.19474513809396451,0.22204644734817205,0.24887465842297193,0.19474513809396468,0.7789805523758581,0.8881857893926882,0.9954986336918877,0.7789805523758587,0.4189048842085595,0.37319079766630214,0.7311293603071566,0.0044928503571199235,0.0,0.01660964988422244,0.0044928503571199235,0.0006739275535679884,0.0,0.002491447482633366,0.0006739275535679884,0.4189048842085592,0.21049011546718446,0.13092695474624633,0.6,0.21049011546718444,0.35081685911197413,0.2182115912437439,1.0,0.3508168591119741,0.20908869629494306,0.24206202527717602,0.25,0.20908869629494314,0.8363547851797722,0.9682481011087041,1.0,0.8363547851797726,0.41079901647853473,0.3633526443211077,0.7055279209504531,0.005921746884448034,0.0,0.04358880035579204,0.005921746884448037,0.0008882620326672051,0.0,0.006538320053368806,0.0008882620326672052,0.41079901647853445,0.2007962158745968,0.11923843622207642,0.6,0.20079621587459678,0.33466035979099473,0.19873072703679404,1.0,0.33466035979099473,0.21089106263660512,0.24298283635463888,0.25,0.21089106263660531,0.8435642505464205,0.9719313454185555,1.0,0.8435642505464213,0.5249628294510602,0.5162819182602115,0.7456539075088431,0.23957217645532194,0.10428646206855774,1.0,0.239572176455322,0.03593582646829829,0.01564296931028366,0.15,0.03593582646829833,0.5249628294510607,0.36052777662500674,0.35635144710540767,0.6,0.3605277766250066,0.6008796277083446,0.5939190785090128,1.0,0.6008796277083448,0.20037087929435182,0.22200147545902946,0.25,0.20037087929435182,0.8014835171774073,0.8880059018361178,1.0,0.8014835171774073,0.12128587358291237,0.13031273032674634,0.32244164251727186,0.12128587358291239,121.02537786417288,150.0,150.0,121.02537786417288,24.932975871313673,1645651362.6312985,0.0,185.99731903485255,60.661371463744956,64.80445098876953,79.8305648803711,60.661371463744956,44.03768243689599,127.656836461126,121.02537786417288,150.0,150.0,121.02537786417288,24.932975871313673,1645651362.6312985,0.0,185.99731903485255,0.8784427599477065,0.9592278003692627,1.129703426361084,0.8784427599477065,0.01791590033723266,127.656836461126,7.967662064926073,7.1208281442523,13.547579757869235,0.030999999999999996,150.0,121.42752263629085,150.0,150.0,150.0,150.0,121.42752263629085,150.0,150.0,121.42752263629085,150.0,150.0,0.09016962538982803,0.08710192500698571,0.25393546423379565,0.09016962538982812,78.70901179881942,83.95816087722778,145.09485483169556,78.70901179881942,16.50722459459243,0.7805280919129344,86.61251763236427,4.557680952744733,1.001317684196595,16.50722459459243,12.625280022621155,46.45166337490082,16.50722459459243,1.0022786082275432,101.62951581519667,101.62951581519667,0.7805280919129344,-0.003581769477910594,2.7722101265117236,2.9314589500427246,18.993560409545886,2.7722101265117236,557.1474530831099,86.61251763236427,59.26100015640259,274.4434070587156,86.61251763236427,4.557680952744733,0.5249628294510602,0.5162819182602115,0.7456539075088431,0.23957217645532194,0.10428646206855774,1.0,0.239572176455322,0.03593582646829829,0.01564296931028366,0.15,0.03593582646829833,0.5249628294510607,0.36052777662500674,0.35635144710540767,0.6,0.3605277766250066,0.6008796277083446,0.5939190785090128,1.0,0.6008796277083448,0.20037087929435182,0.22200147545902946,0.25,0.20037087929435182,0.8014835171774073,0.8880059018361178,1.0,0.8014835171774073,0.5343047324518096,76.01313861860986,76.01313861860986,79.53835725784302,124.03588294982907,76.01313861860986,8.432970311338059,7.665921933948994,14.389778161421416,gap-constrained-all-hard_50ms_300k_shield
5.0,25.0,0.0,0.0,0.0,0.0,0.0,5.0,0.0,5.0,25.0,0.0,0.0,0.0,0.0,0.0,0.0,0.0,0.0,0.0,0.0,,0.0,0.0,0.0,0.0,0.0,0.0,0.0,0.0,0.0,0.0,0.0,0.0,0.0,0.0,0.0,0.0,0.0,0.0,455.0,16.19895124593033,15.283142914995551,24.276731000281856,generated-025,1.0,,0.0,52.37399935722351,0.0,0.0,0.0,0.0,0.0,0.0,0.0,0.0,0.0,0.0,0.0,0.0,0.0,0.0,0.0,0.0,0.0,0.0,0.0,0.0,0.0,0.0,0.0,0.0,0.0,0.0,0.0,0.0,5.0,0.0,0.0,0.0,0.0,0.0,0.0,0.0,0.0,0.0,0.0,0.0,0.0,0.0,0.0,0.0,0.0,0.0,0.0,0.0,0.0,0.0,0.0,0.0,0.0,0.0,0.0,0.0,0.0,0.0,0.0,0.0,0.0,0.0,0.0,0.0,0.0,0.0,0.0,0.0,0.0,0.0,0.0,0.0,0.0,0.0,0.0,0.0,0.0,0.0,0.0,0.0,0.0,0.0,0.0,0.0,0.0,0.0,0.0,0.0,0.0,0.0,0.0,0.0,0.0,0.0,0.0,0.0,0.0,0.0,0.0,0.0,0.0,0.0,0.0,0.0,0.0,0.0,0.0,0.0,0.0,0.0,0.0,0.0,0.0,0.0,0.0,0.0,0.0,0.0,0.0,0.0,0.0,0.0,0.0,0.0,0.0,0.0,0.0,0.0,0.0,0.0,0.0,0.0,0.0,0.0,0.0,0.0,0.0,0.0,0.0,0.0,0.0,0.0,0.0,0.0,0.0,0.0,0.0,0.0,0.0,0.0,0.0,0.0,0.0,0.0,-1.0,0.0,-1.0,0.0,0.0,0.0,0.0,0.0,0.0,0.0,0.0,0.0,0.0,0.0,-1.0,0.0,-1.0,0.0,0.0,0.0,0.0,0.0,0.0,8.130905546943893,7.225256878882647,13.582866219803684,,0.0,5.0,5.0,5.0,5.0,5.0,5.0,5.0,5.0,5.0,5.0,5.0,0.0,0.0,0.0,0.0,,,,,,,,,,,,,,,,,,,,,,,,,,,,,0.0,0.0,0.0,0.0,0.0,0.0,0.0,0.0,0.0,0.0,0.0,0.0,0.0,0.0,0.0,0.0,0.0,0.0,0.0,0.0,0.0,0.0,0.0,0.0,0.0,0.0,0.0,0.0,,,,,,,8.063249862087625,7.529963040724397,13.572360086254772,gap-constrained-all-hard_50ms_300k_shield
125.35089986498762,25.0,0.0,0.07119176607270451,0.0,0.0,0.8412119915481747,125.35089986498762,0.07871953749620333,125.35089986498762,25.0,0.0,9.724402402086955,106.58009379375272,122.1224308013916,143.25985848903656,106.58009379375272,88.5761293550817,58.071500062942505,335.8545577526091,88.5761293550817,9.371904847680069,7.420278058400968,34.434024473970254,34.47716385126114,61.47032767534253,34.434024473970254,77.08934157359892,53.467997908592224,268.4153461456298,77.08934157359892,7.032517092402388,25.94245129514758,24.740160256624222,49.69904661178587,25.94245129514758,80.711231667821,53.494998812675476,286.8828523159027,80.711231667821,2635.0,13.631753416544628,12.888440862298012,19.493926898576305,generated-026,410.0,0.03408333333333333,29.188624089808847,52.39199995994568,0.6666744273612294,0.736221594064596,0.815707745320929,0.6666744273612294,0.7804878048780488,1.0,1.0,0.7804878048780488,0.16829268292682928,0.0,1.0,0.16829268292682928,0.04878048780487805,0.0,0.0,0.04878048780487805,0.09513466588977113,0.09756244473836923,0.3062646068301078,0.09513466588977115,0.7219512195121951,1.0,1.0,0.6666744273612294,0.736221594064596,0.815707745320929,0.6666744273612294,0.7219512195121951,125.35089986498762,0.07119176607270451,0.059521181460526915,0.24379376165716773,0.07119176607270451,0.6383146664761195,0.6682401431435443,0.8115429698185319,0.15809120009226332,0.03082800035675367,1.0,0.15809120009226332,0.023713680013839496,0.00462420005351305,0.15,0.023713680013839535,0.6383146664761192,0.4601023831266712,0.5647615194320679,0.6,0.4601023831266706,0.7668373052111187,0.9412691990534465,1.0,0.7668373052111178,0.20192596336328777,0.22549322839785105,0.25,0.20192596336328794,0.8077038534531511,0.9019729135914042,1.0,0.8077038534531518,0.4344504820642782,0.3932235184324173,0.7623750480642554,0.003873135737341173,0.0,0.011702053248882294,0.0038731357373411736,0.0005809703606011761,0.0,0.0017553079873323441,0.0005809703606011761,0.43445048206427817,0.21662198297328494,0.14828465580940245,0.6,0.21662198297328503,0.36103663828880833,0.24714109301567078,1.0,0.36103663828880833,0.21840946945159442,0.24495064052238646,0.25,0.21840946945159428,0.8736378778063777,0.9798025620895459,1.0,0.8736378778063771,0.4016512744066043,0.35278982650240487,0.7288783613718015,0.0042002631698065725,0.0,0.0027571000314007004,0.0042002631698065725,0.000630039475470986,0.0,0.000413565004710105,0.0006300394754709861,0.40165127440660453,0.1863097504561453,0.10870118141174316,0.6,0.18630975045614537,0.3105162507602422,0.1811686356862386,1.0,0.3105162507602422,0.21597156342593,0.24481784987725752,0.25,0.21597156342592988,0.86388625370372,0.9792713995090301,1.0,0.8638862537037195,0.5715397614714584,0.5626679260351374,0.7932154238822592,0.21749400958506457,0.08385856449604034,1.0,0.2174940095850646,0.032624101437759685,0.012578784674406051,0.15,0.03262410143775973,0.5715397614714584,0.40178212877607034,0.41340587139129636,0.6,0.40178212877607,0.6696368812934508,0.6890097856521606,1.0,0.6696368812934508,0.2023817341331477,0.21825999244435879,0.25,0.20238173413314772,0.8095269365325908,0.8730399697774351,1.0,0.8095269365325909,0.09513466588977113,0.09756244473836923,0.3062646068301078,0.09513466588977115,124.98504620645105,150.0,150.0,124.98504620645105,24.9390243902439,1646165610.9263437,0.0,204.49756097560976,83.29039694274344,92.33992385864258,96.48054008483886,83.29039694274344,33.858896883050114,127.68780487804878,124.98504620645105,150.0,150.0,124.98504620645105,24.9390243902439,1646165610.9263437,0.0,204.49756097560976,1.0984929915971873,1.1978439092636108,1.2260714709758758,1.0984929915971873,0.01758704849564266,127.68780487804878,6.692715550806422,6.175472168251872,10.598830343224101,0.03408333333333333,150.0,125.35089986498762,150.0,150.0,150.0,150.0,125.35089986498762,150.0,150.0,125.35089986498762,150.0,150.0,0.07119176607270451,0.059521181460526915,0.24379376165716773,0.07119176607270451,90.58702788236211,101.49890184402466,144.65482234954834,90.58702788236211,13.692118601693215,0.7909407355799908,84.20275137191865,3.3736122035307856,1.0010888245047593,13.692118601693215,8.253119885921478,41.09132483601569,13.692118601693215,1.001956706366888,117.82636820633964,117.82636820633964,0.7909407355799908,-0.0007756096486956245,7.327397726011099,5.974545478820801,19.84416379928588,7.327397726011099,498.8707317073171,84.20275137191865,59.99999940395355,285.93174576759327,84.20275137191865,3.3736122035307856,0.5715397614714584,0.5626679260351374,0.7932154238822592,0.21749400958506457,0.08385856449604034,1.0,0.2174940095850646,0.032624101437759685,0.012578784674406051,0.15,0.03262410143775973,0.5715397614714584,0.40178212877607034,0.41340587139129636,0.6,0.40178212877607,0.6696368812934508,0.6890097856521606,1.0,0.6696368812934508,0.2023817341331477,0.21825999244435879,0.25,0.20238173413314772,0.8095269365325908,0.8730399697774351,1.0,0.8095269365325909,0.48835149676334566,89.67911330119865,89.67911330119865,90.89482128620148,141.2962132692337,89.67911330119865,6.934604377077585,6.276593077927828,10.49715783447027,gap-constrained-all-hard_50ms_300k_shield
5.0,25.0,0.0,0.0,0.0,0.0,0.0,5.0,0.0,5.0,25.0,0.0,0.0,0.0,0.0,0.0,0.0,0.0,0.0,0.0,0.0,,0.0,0.0,0.0,0.0,0.0,0.0,0.0,0.0,0.0,0.0,0.0,0.0,0.0,0.0,0.0,0.0,0.0,0.0,539.0,14.664104068824583,13.48676416091621,23.073981818743047,generated-027,1.0,,0.0,52.44100093841553,0.0,0.0,0.0,0.0,0.0,0.0,0.0,0.0,0.0,0.0,0.0,0.0,0.0,0.0,0.0,0.0,0.0,0.0,0.0,0.0,0.0,0.0,0.0,0.0,0.0,0.0,0.0,0.0,5.0,0.0,0.0,0.0,0.0,0.0,0.0,0.0,0.0,0.0,0.0,0.0,0.0,0.0,0.0,0.0,0.0,0.0,0.0,0.0,0.0,0.0,0.0,0.0,0.0,0.0,0.0,0.0,0.0,0.0,0.0,0.0,0.0,0.0,0.0,0.0,0.0,0.0,0.0,0.0,0.0,0.0,0.0,0.0,0.0,0.0,0.0,0.0,0.0,0.0,0.0,0.0,0.0,0.0,0.0,0.0,0.0,0.0,0.0,0.0,0.0,0.0,0.0,0.0,0.0,0.0,0.0,0.0,0.0,0.0,0.0,0.0,0.0,0.0,0.0,0.0,0.0,0.0,0.0,0.0,0.0,0.0,0.0,0.0,0.0,0.0,0.0,0.0,0.0,0.0,0.0,0.0,0.0,0.0,0.0,0.0,0.0,0.0,0.0,0.0,0.0,0.0,0.0,0.0,0.0,0.0,0.0,0.0,0.0,0.0,0.0,0.0,0.0,0.0,0.0,0.0,0.0,0.0,0.0,0.0,0.0,0.0,0.0,0.0,0.0,0.0,-1.0,0.0,-1.0,0.0,0.0,0.0,0.0,0.0,0.0,0.0,0.0,0.0,0.0,0.0,-1.0,0.0,-1.0,0.0,0.0,0.0,0.0,0.0,0.0,7.2897455844240255,6.427949061617255,13.204293162561951,,0.0,5.0,5.0,5.0,150.0,5.0,5.0,5.0,5.0,5.0,5.0,5.0,0.0,0.0,0.0,0.0,,,,,,,,,,,,,,,,,,,,,,,,,,,,,0.0,0.0,0.0,0.0,0.0,0.0,0.0,0.0,0.0,0.0,0.0,0.0,0.0,0.0,0.0,0.0,0.0,0.0,0.0,0.0,0.0,0.0,0.0,0.0,0.0,0.0,0.0,0.0,,,,,,,7.369972349028751,7.075855974107981,11.53111478779465,gap-constrained-all-hard_50ms_300k_shield
5.0,25.0,0.0,0.030356575572639474,0.0,0.0,0.0,5.0,0.664990246295929,5.0,25.0,0.0,5.755000114440918,4.316860064864159,4.316860064864159,4.316860064864159,4.316860064864159,88.89600038528442,88.89600038528442,88.89600038528442,88.89600038528442,5.755000114440918,6.492000102996826,3.5721998661756516,3.5721998661756516,3.5721998661756516,3.5721998661756516,132.89400339126587,132.89400339126587,132.89400339126587,132.89400339126587,7.218999862670898,4.810649901628494,4.810649901628494,4.810649901628494,4.810649901628494,360.28099060058594,360.28099060058594,360.28099060058594,360.28099060058594,84.0,16.387744726324897,16.196087352000177,23.419079242739823,generated-028,1.0,0.00016666666666666666,0.030356575572639474,52.414000034332275,0.6654257900347694,0.6654257900347694,0.6654257900347694,0.6654257900347694,1.0,1.0,1.0,1.0,0.0,0.0,0.0,0.0,0.0,0.0,0.0,0.0,0.09558704943508789,0.09558704943508789,0.09558704943508789,0.09558704943508789,1.0,1.0,1.0,0.6654257900347694,0.6654257900347694,0.6654257900347694,0.6654257900347694,1.0,5.0,0.030356575572639474,0.030356575572639474,0.030356575572639474,0.030356575572639474,0.6654257900347694,0.6654257900347694,0.6654257900347694,0.0,0.0,0.0,0.0,0.0,0.0,0.0,0.0,0.6654257900347694,0.518023207783699,0.518023207783699,0.518023207783699,0.518023207783699,0.8633720129728317,0.8633720129728317,0.8633720129728317,0.8633720129728317,0.14740258225107036,0.14740258225107036,0.14740258225107036,0.14740258225107036,0.5896103290042815,0.5896103290042815,0.5896103290042815,0.5896103290042815,0.5272651222483035,0.5272651222483035,0.5272651222483035,0.0,0.0,0.0,0.0,0.0,0.0,0.0,0.0,0.5272651222483035,0.4286639839410782,0.4286639839410782,0.4286639839410782,0.4286639839410782,0.7144399732351303,0.7144399732351303,0.7144399732351303,0.7144399732351303,0.09860113830722526,0.09860113830722526,0.09860113830722526,0.09860113830722526,0.39440455322890106,0.39440455322890106,0.39440455322890106,0.39440455322890106,0.5674524108841071,0.5674524108841071,0.5674524108841071,0.307972002774477,0.307972002774477,0.307972002774477,0.307972002774477,0.04619580041617155,0.04619580041617155,0.04619580041617155,0.04619580041617155,0.5674524108841071,0.5772779881954193,0.5772779881954193,0.5772779881954193,0.5772779881954193,0.9621299803256989,0.9621299803256989,0.9621299803256989,0.9621299803256989,0.03637022310485941,0.03637022310485941,0.03637022310485941,0.03637022310485941,0.14548089241943765,0.14548089241943765,0.14548089241943765,0.14548089241943765,0.5698387405996815,0.5698387405996815,0.5698387405996815,0.08400799706578255,0.08400799706578255,0.08400799706578255,0.08400799706578255,0.012601199559867382,0.012601199559867382,0.012601199559867382,0.012601199559867382,0.5698387405996815,0.5459508150815964,0.5459508150815964,0.5459508150815964,0.5459508150815964,0.909918025135994,0.909918025135994,0.909918025135994,0.909918025135994,0.03648912507795259,0.03648912507795259,0.03648912507795259,0.03648912507795259,0.14595650031181037,0.14595650031181037,0.14595650031181037,0.14595650031181037,0.09558704943508789,0.09558704943508789,0.09558704943508789,0.09558704943508789,5.0,5.0,5.0,5.0,25.0,1650275838.242763,0.0,1.0,3.6819498538970947,3.6819498538970947,3.6819498538970947,3.6819498538970947,301.118408203125,128.0,5.0,5.0,5.0,5.0,25.0,1650275838.242763,0.0,1.0,0.12445442378520966,0.12445442378520966,0.12445442378520966,0.12445442378520966,0.13439999520778656,128.0,7.890828821386787,7.034980459138751,12.835389352403572,0.00016666666666666666,5.0,5.0,5.0,5.0,5.0,5.0,5.0,5.0,5.0,5.0,5.0,5.0,0.030356575572639474,0.030356575572639474,0.030356575572639474,0.030356575572639474,4.818300157785416,4.818300157785416,4.818300157785416,4.818300157785416,0.42003998532891273,0.1472207009792328,359.10699367523193,1.3389999866485596,0.9995390772819519,0.42003998532891273,0.42003998532891273,0.42003998532891273,0.42003998532891273,1.0,4.551690071821213,4.551690071821213,0.1472207009792328,0.0820000022649765,0.021981600672006607,0.021981600672006607,0.021981600672006607,0.021981600672006607,741.0,359.10699367523193,359.10699367523193,359.10699367523193,359.10699367523193,1.3389999866485596,0.5698387405996815,0.5698387405996815,0.5698387405996815,0.08400799706578255,0.08400799706578255,0.08400799706578255,0.08400799706578255,0.012601199559867382,0.012601199559867382,0.012601199559867382,0.012601199559867382,0.5698387405996815,0.5459508150815964,0.5459508150815964,0.5459508150815964,0.5459508150815964,0.909918025135994,0.909918025135994,0.909918025135994,0.909918025135994,0.03648912507795259,0.03648912507795259,0.03648912507795259,0.03648912507795259,0.14595650031181037,0.14595650031181037,0.14595650031181037,0.14595650031181037,0.4520125985145569,4.54959012567997,4.54959012567997,4.54959012567997,4.54959012567997,4.54959012567997,8.491928963589348,7.7170474687591195,13.170250924304122,gap-constrained-all-hard_50ms_300k_shield
124.71081371534439,25.0,0.0,0.087583203148476,0.0,0.0,0.8397615364756742,124.71081371534439,0.07455904000071865,124.71081371534439,25.0,0.0,9.83982897114444,108.72546632923347,132.2075605392456,143.14339339733124,108.72546632923347,87.82727720933559,59.256500005722046,318.3812391757965,87.82727720933559,9.449233743535492,7.245183984954636,28.825264794195625,29.630330204963684,43.691421300172806,28.825264794195625,81.50093294841386,53.60250174999237,301.88261032104487,81.50093294841386,7.114671014604115,27.021106890527715,26.163965463638306,42.55082979798317,27.021106890527715,80.70209946209218,53.35649847984314,277.85400867462135,80.70209946209218,2717.0,13.658082645858117,12.996427016332746,19.386749202385534,generated-029,462.0,0.03841666666666667,40.46343985459591,52.379000186920166,0.6717997237039763,0.7546317923358057,0.8117792600530912,0.6717997237039758,0.8051948051948052,1.0,1.0,0.8051948051948052,0.1471861471861472,0.0,1.0,0.1471861471861472,0.045454545454545456,0.0,0.0,0.045454545454545456,0.12068016205774437,0.11841517280235753,0.31909522485526864,0.1206801620577443,0.8441558441558441,1.0,1.0,0.6717997237039763,0.7546317923358057,0.8117792600530912,0.6717997237039758,0.8441558441558441,124.71081371534439,0.08758320314847605,0.07855332475361707,0.2544747684658833,0.087583203148476,0.6480207935884188,0.7289067767547581,0.8065676200462183,0.1658958814293711,0.03464186688264211,1.0,0.165895881429371,0.024884382214405667,0.005196280032396317,0.15,0.02488438221440569,0.6480207935884182,0.4730937559972463,0.5667057275772095,0.6,0.47309375599724585,0.7884895933287439,0.9445095459620159,1.0,0.7884895933287442,0.19981141980557807,0.22094690955854512,0.25,0.19981141980557815,0.7992456792223123,0.8837876382341805,1.0,0.7992456792223126,0.4120598569421313,0.3713411200513216,0.751851749128703,0.0024988602920206333,0.0,0.00445586993979911,0.0024988602920206333,0.000374829043803095,0.0,0.0006683804909698664,0.000374829043803095,0.41205985694213093,0.1965750194298651,0.12842473983764646,0.6,0.196575019429865,0.3276250323831086,0.21404123306274414,1.0,0.32762503238310847,0.2158596665560693,0.24427314252609716,0.25,0.21585966655606928,0.8634386662242772,0.9770925701043887,1.0,0.8634386662242771,0.4064799164061519,0.3634202226269174,0.7108616617075911,0.004262828663932786,0.0,0.004521039966493844,0.004262828663932784,0.0006394242995899179,0.0,0.0006781559949740766,0.000639424299589918,0.40647991640615183,0.19014395945282078,0.12052721977233885,0.6,0.19014395945282073,0.3169065990880347,0.20087869962056476,1.0,0.3169065990880347,0.21697538125292104,0.2453831667892895,0.2498459229616822,0.2169753812529212,0.8679015250116842,0.981532667157158,0.9993836918467288,0.8679015250116848,0.551119561646232,0.5548224686327647,0.7594466252605503,0.21033399231593566,0.10157880187034607,1.0,0.2103339923159357,0.03155009884739035,0.01523682028055191,0.15,0.031550098847390365,0.5511195616462318,0.3794512102387683,0.38286720514297484,0.6,0.37945121023876754,0.6324186837312804,0.6381120085716248,1.0,0.6324186837312809,0.203218450254854,0.22202967821116534,0.25,0.2032184502548542,0.812873801019416,0.8881187128446614,1.0,0.8128738010194168,0.12068016205774437,0.11841517280235753,0.31909522485526864,0.1206801620577443,124.38613839066906,150.0,150.0,124.38613839066906,24.945887445887447,1646749192.696516,0.0,230.4978354978355,69.04489875923504,75.45302963256836,83.17241096496582,69.04489875923504,33.78058093344365,127.72294372294373,124.38613839066906,150.0,150.0,124.38613839066906,24.945887445887447,1646749192.696516,0.0,230.4978354978355,0.9889272584930643,1.0691174268722534,1.163582181930542,0.9889272584930643,0.017532083125748707,127.72294372294373,6.540470060840644,6.160182878375053,9.635292831808329,0.03841666666666667,150.0,124.71081371534439,150.0,150.0,150.0,150.0,124.71081371534439,150.0,150.0,124.71081371534439,150.0,150.0,0.08758320314847605,0.07855332475361707,0.2544747684658833,0.087583203148476,81.13578622253587,80.96751868724823,144.16765809059143,81.13578622253587,15.98547906307423,0.7938242895262582,85.66968607438075,3.408913412320859,1.0000250894269902,15.98547906307423,9.953605011105537,47.38186910748481,15.98547906307423,1.0014627072718236,114.20313550231906,114.20313550231906,0.7938242895262582,0.016523809459723645,4.228480851673572,4.112591981887817,18.215672969818115,4.228480851673572,470.8138528138528,85.66968607438075,58.9775025844574,317.4824082851409,85.66968607438075,3.408913412320859,0.551119561646232,0.5548224686327647,0.7594466252605503,0.21033399231593566,0.10157880187034607,1.0,0.2103339923159357,0.03155009884739035,0.01523682028055191,0.15,0.031550098847390365,0.5511195616462318,0.3794512102387683,0.38286720514297484,0.6,0.37945121023876754,0.6324186837312804,0.6381120085716248,1.0,0.6324186837312809,0.203218450254854,0.22202967821116534,0.25,0.2032184502548542,0.812873801019416,0.8881187128446614,1.0,0.8128738010194168,0.4960222098153907,80.54287355086763,80.54287355086763,83.01698565483093,131.26882255077362,80.54287355086763,7.112859887899444,6.571321981027722,10.94793234951794,gap-constrained-all-hard_50ms_300k_shield
5.0,25.0,0.0,0.0,0.0,0.0,0.0,5.0,0.0,5.0,25.0,0.0,0.0,0.0,0.0,0.0,0.0,0.0,0.0,0.0,0.0,,0.0,0.0,0.0,0.0,0.0,0.0,0.0,0.0,0.0,0.0,0.0,0.0,0.0,0.0,0.0,0.0,0.0,0.0,371.0,20.580026612935885,18.601997988298535,36.10211447812617,generated-030,1.0,,0.0,52.41900086402893,0.0,0.0,0.0,0.0,0.0,0.0,0.0,0.0,0.0,0.0,0.0,0.0,0.0,0.0,0.0,0.0,0.0,0.0,0.0,0.0,0.0,0.0,0.0,0.0,0.0,0.0,0.0,0.0,5.0,0.0,0.0,0.0,0.0,0.0,0.0,0.0,0.0,0.0,0.0,0.0,0.0,0.0,0.0,0.0,0.0,0.0,0.0,0.0,0.0,0.0,0.0,0.0,0.0,0.0,0.0,0.0,0.0,0.0,0.0,0.0,0.0,0.0,0.0,0.0,0.0,0.0,0.0,0.0,0.0,0.0,0.0,0.0,0.0,0.0,0.0,0.0,0.0,0.0,0.0,0.0,0.0,0.0,0.0,0.0,0.0,0.0,0.0,0.0,0.0,0.0,0.0,0.0,0.0,0.0,0.0,0.0,0.0,0.0,0.0,0.0,0.0,0.0,0.0,0.0,0.0,0.0,0.0,0.0,0.0,0.0,0.0,0.0,0.0,0.0,0.0,0.0,0.0,0.0,0.0,0.0,0.0,0.0,0.0,0.0,0.0,0.0,0.0,0.0,0.0,0.0,0.0,0.0,0.0,0.0,0.0,0.0,0.0,0.0,0.0,0.0,0.0,0.0,0.0,0.0,0.0,0.0,0.0,0.0,0.0,0.0,0.0,0.0,0.0,0.0,-1.0,0.0,-1.0,0.0,0.0,0.0,0.0,0.0,0.0,0.0,0.0,0.0,0.0,0.0,-1.0,0.0,-1.0,0.0,0.0,0.0,0.0,0.0,0.0,10.190457404362705,8.881835965439677,19.404732040129602,,0.0,5.0,5.0,5.0,5.0,5.0,5.0,5.0,5.0,5.0,5.0,5.0,0.0,0.0,0.0,0.0,,,,,,,,,,,,,,,,,,,,,,,,,,,,,0.0,0.0,0.0,0.0,0.0,0.0,0.0,0.0,0.0,0.0,0.0,0.0,0.0,0.0,0.0,0.0,0.0,0.0,0.0,0.0,0.0,0.0,0.0,0.0,0.0,0.0,0.0,0.0,,,,,,,10.384957593516761,8.71632294729352,21.77498396486044,gap-constrained-all-hard_50ms_300k_shield
125.92329434525995,25.0,0.0,0.07667906954647112,0.0,0.0,0.8463364398423886,125.92329434525995,0.07046505315598352,125.92329434525995,25.0,0.0,9.70541254679362,101.50275034156991,117.13613271713257,142.44088888168335,101.50275034156991,87.00324704041292,58.65499973297119,327.04679965972895,87.00324704041292,9.34125871369333,7.191178122600475,28.427436112454444,29.246801137924194,39.5121943950653,28.427436112454444,78.74016285220505,54.00800108909607,280.467596054077,78.74016285220505,7.1813543337486285,28.318806064677684,28.03477942943573,43.33456575870514,28.318806064677684,78.03580888779291,53.846997022628784,270.78420162200916,78.03580888779291,2701.0,15.574432552355262,14.698731945827603,22.782156942412257,generated-031,429.0,0.035666666666666666,32.89532083543611,52.473002672195435,0.6462654127817272,0.7075529752534313,0.8097399108891935,0.646265412781728,0.789044289044289,1.0,1.0,0.789044289044289,0.1282051282051282,0.0,1.0,0.1282051282051282,0.08041958041958042,0.0,1.0,0.08041958041958042,0.09646766608297482,0.11226415346108809,0.32342328753957394,0.09646766608297484,0.717948717948718,1.0,1.0,0.6462654127817272,0.7075529752534313,0.8097399108891935,0.646265412781728,0.717948717948718,125.92329434525995,0.07667906954647119,0.07914739386490971,0.2502345269674265,0.07667906954647112,0.6229744060962176,0.6588180606478226,0.8014595581380624,0.15466188851826576,0.030347399413585663,1.0,0.15466188851826587,0.023199283277739867,0.004552109912037849,0.15,0.023199283277739888,0.6229744060962177,0.4446622771024575,0.5362855434417724,0.6,0.4446622771024572,0.7411037951707625,0.8938092390696207,1.0,0.741103795170763,0.20151141227149993,0.22362052680659597,0.25,0.20151141227149996,0.8060456490859997,0.8944821072263839,1.0,0.8060456490859998,0.4067167135627501,0.36538963858901874,0.740831048648907,0.005095064765900472,0.0,0.009408319865663846,0.005095064765900471,0.000764259714885071,0.0,0.0014112479798495767,0.0007642597148850712,0.4067167135627502,0.19086698662766963,0.12311216592788696,0.6,0.19086698662766954,0.3181116443794494,0.20518694321314493,1.0,0.31811164437944917,0.21661398664996556,0.24280467618684712,0.25,0.21661398664996542,0.8664559465998622,0.9712187047473885,1.0,0.8664559465998617,0.40890328292149136,0.37242810034276697,0.722003956441322,0.004194628463808801,0.0,0.005066200035313766,0.0041946284638088,0.0006291942695713201,0.0,0.0007599300052970648,0.0006291942695713198,0.40890328292149114,0.19246483617196067,0.13013372421264646,0.6,0.19246483617196075,0.32077472695326786,0.2168895403544108,1.0,0.3207747269532678,0.21706764101910203,0.24362084040705215,0.2499904819744156,0.21706764101910203,0.8682705640764081,0.9744833616282086,0.9999619278976624,0.8682705640764081,0.5497977466987525,0.5352270183381471,0.7183038878299254,0.23961464196224666,0.10644766688346863,1.0,0.23961464196224658,0.035942196294337,0.015967150032520295,0.15,0.03594219629433702,0.5497977466987526,0.3845788455802033,0.3490824460983276,0.6,0.3845788455802027,0.6409647426336721,0.581804076830546,1.0,0.6409647426336718,0.20116109741288618,0.21489827548429505,0.25,0.20116109741288624,0.8046443896515447,0.8595931019371802,1.0,0.804644389651545,0.09646766608297482,0.11226415346108809,0.32342328753957394,0.09646766608297484,125.5736439956096,150.0,150.0,125.5736439956096,24.941724941724942,1646589161.497525,0.0,213.997668997669,70.45903289957202,74.70895385742188,84.3481231689453,70.45903289957202,34.8536250504702,127.7016317016317,125.5736439956096,150.0,150.0,125.5736439956096,24.941724941724942,1646589161.497525,0.0,213.997668997669,1.0582459482835445,1.110088586807251,1.1993743181228638,1.0582459482835445,0.01675571702715956,127.7016317016317,7.602187390334047,6.981658982113004,12.029238045215607,0.035666666666666666,150.0,125.92329434525995,150.0,150.0,150.0,150.0,125.92329434525995,150.0,150.0,125.92329434525995,150.0,150.0,0.07667906954647119,0.07914739386490971,0.2502345269674265,0.07667906954647112,88.99789282939199,100.98799467086792,145.8615517616272,88.99789282939199,18.37600917693245,0.7845297026120144,81.99822605350913,3.9332051280867484,1.0001362317647688,18.37600917693245,12.757200002670288,47.65679597854614,18.37600917693245,1.0003658182971127,104.74228507606855,104.74228507606855,0.7845297026120144,-0.0013170160520344209,0.7609216434873493,2.65541672706604,17.09422721862793,0.7609216434873493,457.7132867132867,81.99822605350913,61.04400157928467,271.6440010070799,81.99822605350913,3.9332051280867484,0.5497977466987525,0.5352270183381471,0.7183038878299254,0.23961464196224666,0.10644766688346863,1.0,0.23961464196224658,0.035942196294337,0.015967150032520295,0.15,0.03594219629433702,0.5497977466987526,0.3845788455802033,0.3490824460983276,0.6,0.3845788455802027,0.6409647426336721,0.581804076830546,1.0,0.6409647426336718,0.20116109741288618,0.21489827548429505,0.25,0.20116109741288624,0.8046443896515447,0.8595931019371802,1.0,0.804644389651545,0.515036050707866,84.30408140023549,84.30408140023549,80.82022070884705,121.44874572753906,84.30408140023549,7.967234823541762,7.348120911046863,12.795577058568597,gap-constrained-all-hard_50ms_300k_shield
5.0,25.0,0.0,0.0,0.0,0.0,0.0,5.0,0.0,5.0,25.0,0.0,0.0,0.0,0.0,0.0,0.0,0.0,0.0,0.0,0.0,,0.0,0.0,0.0,0.0,0.0,0.0,0.0,0.0,0.0,0.0,0.0,0.0,0.0,0.0,0.0,0.0,0.0,0.0,649.0,15.357643519047482,14.058631146326661,24.82581180520357,generated-032,1.0,,0.0,52.20699906349182,0.0,0.0,0.0,0.0,0.0,0.0,0.0,0.0,0.0,0.0,0.0,0.0,0.0,0.0,0.0,0.0,0.0,0.0,0.0,0.0,0.0,0.0,0.0,0.0,0.0,0.0,0.0,0.0,5.0,0.0,0.0,0.0,0.0,0.0,0.0,0.0,0.0,0.0,0.0,0.0,0.0,0.0,0.0,0.0,0.0,0.0,0.0,0.0,0.0,0.0,0.0,0.0,0.0,0.0,0.0,0.0,0.0,0.0,0.0,0.0,0.0,0.0,0.0,0.0,0.0,0.0,0.0,0.0,0.0,0.0,0.0,0.0,0.0,0.0,0.0,0.0,0.0,0.0,0.0,0.0,0.0,0.0,0.0,0.0,0.0,0.0,0.0,0.0,0.0,0.0,0.0,0.0,0.0,0.0,0.0,0.0,0.0,0.0,0.0,0.0,0.0,0.0,0.0,0.0,0.0,0.0,0.0,0.0,0.0,0.0,0.0,0.0,0.0,0.0,0.0,0.0,0.0,0.0,0.0,0.0,0.0,0.0,0.0,0.0,0.0,0.0,0.0,0.0,0.0,0.0,0.0,0.0,0.0,0.0,0.0,0.0,0.0,0.0,0.0,0.0,0.0,0.0,0.0,0.0,0.0,0.0,0.0,0.0,0.0,0.0,0.0,0.0,0.0,0.0,-1.0,0.0,-1.0,0.0,0.0,0.0,0.0,0.0,0.0,0.0,0.0,0.0,0.0,0.0,-1.0,0.0,-1.0,0.0,0.0,0.0,0.0,0.0,0.0,7.535182691548014,6.677285069599748,12.888056645169858,,0.0,5.0,5.0,5.0,5.0,5.0,5.0,5.0,5.0,5.0,5.0,5.0,0.0,0.0,0.0,0.0,,,,,,,,,,,,,,,,,,,,,,,,,,,,,0.0,0.0,0.0,0.0,0.0,0.0,0.0,0.0,0.0,0.0,0.0,0.0,0.0,0.0,0.0,0.0,0.0,0.0,0.0,0.0,0.0,0.0,0.0,0.0,0.0,0.0,0.0,0.0,,,,,,,7.81707713259915,7.077669957652688,13.138556713238362,gap-constrained-all-hard_50ms_300k_shield
150.0,25.0,0.0,0.015706197757069214,0.0,0.0,1.0,150.0,0.055834958950678505,150.0,25.0,0.0,6.409500042597453,5.560583372910817,5.312910117208958,6.719062477350235,5.560583372910817,63.14116716384888,54.48850095272064,91.34625047445297,63.14116716384888,8.04283340771993,7.735833326975505,24.133928259834647,20.692195743322372,51.384469121694565,24.133928259834647,57.302833596865334,56.65200054645538,61.30875051021576,57.302833596865334,7.266499996185303,11.713428174455961,11.974050104618073,16.90775454044342,11.713428174455961,56.492167711257935,53.958502411842346,63.78225088119507,56.492167711257935,132.0,19.819160224869847,18.529411405324936,28.66215575486421,generated-033,6.0,0.0005833333333333334,0.09423718654241528,52.205002307891846,0.32259106789144143,0.3072639618144205,0.4263057153244969,0.32259106789144143,0.0,0.0,0.0,0.0,0.6666666666666666,1.0,1.0,0.6666666666666666,0.3333333333333333,0.0,1.0,0.3333333333333333,0.04919486073872304,0.04642601380179512,0.10960137836561515,0.04919486073872304,0.8333333333333334,1.0,1.0,0.32259106789144143,0.3072639618144205,0.4263057153244969,0.32259106789144143,0.8333333333333334,150.0,0.015706197757069214,0.0055211579064267146,0.04675861880302048,0.015706197757069214,0.24020592939033392,0.2618109339136022,0.2675564588645375,0.0,0.0,0.0,0.0,0.0,0.0,0.0,0.0,0.24020592939033392,0.02224233349164327,0.02125164046883583,0.026876249909400938,0.02224233349164327,0.03707055581940545,0.03541940078139305,0.04479374984900157,0.03707055581940545,0.21796359589869063,0.23952303391279162,0.2427708433374559,0.21796359589869063,0.8718543835947625,0.9580921356511665,0.9710833733498236,0.8718543835947625,0.3218462931511676,0.3055043206822062,0.4263057153244969,0.020859234035015106,0.01376190036535263,0.04976630210876465,0.020859234035015106,0.003128885105252266,0.0020642850548028943,0.007464945316314697,0.003128885105252266,0.3218462931511676,0.09653571303933857,0.08276878297328949,0.20553787648677824,0.09653571303933857,0.1608928550655643,0.13794797162214914,0.34256312747796375,0.1608928550655643,0.22843946521708125,0.23046206745907122,0.2446058298077531,0.22843946521708125,0.913757860868325,0.9218482698362849,0.9784233192310124,0.913757860868325,0.27777562158321834,0.2900475932292298,0.30844308854060554,0.009298533304697938,0.009232866577804089,0.00948680005967617,0.009298533304697938,0.0013947799957046909,0.0013849299866706133,0.0014230200089514256,0.0013947799957046909,0.27777562158321834,0.046853712697823846,0.04789620041847229,0.06763101816177368,0.046853712697823846,0.07808952116303973,0.07982700069745383,0.11271836360295613,0.07808952116303973,0.23231668888109916,0.24187581747803277,0.24459968621081798,0.23231668888109916,0.9292667555243966,0.9675032699121311,0.9783987448432719,0.9292667555243966,0.27339620715271834,0.29042018531636216,0.3167043369588818,0.00256974449277752,0.002561866693819563,0.002670616765196125,0.00256974449277752,0.00038546167391662793,0.00038428000407293435,0.0004005925147794187,0.00038546167391662793,0.27339620715271834,0.04670955861608187,0.0438347190618515,0.07585081756114959,0.04670955861608187,0.07784926436013645,0.07305786510308583,0.12641802926858264,0.07784926436013645,0.2270721102105531,0.24273861792791185,0.25,0.2270721102105531,0.9082884408422124,0.9709544717116474,1.0,0.9082884408422124,0.04919486073872304,0.04642601380179512,0.10960137836561515,0.04919486073872304,150.0,150.0,150.0,150.0,25.0,1650525872.7124493,0.0,3.5,9.53381379445394,9.019242763519287,14.90485405921936,9.53381379445394,1.1541155527035396,128.0,150.0,150.0,150.0,150.0,25.0,1650525872.7124493,0.0,3.5,0.23474686220288277,0.25111468881368637,0.32174787670373917,0.23474686220288277,0.010951111248383919,128.0,9.759999518847149,8.762166486121714,16.60119410371407,0.0005833333333333334,150.0,150.0,150.0,150.0,150.0,150.0,150.0,150.0,150.0,150.0,150.0,150.0,0.015706197757069214,0.0055211579064267146,0.04675861880302048,0.015706197757069214,60.79544220119715,58.29547941684723,107.36081302165985,60.79544220119715,0.38546167391662794,0.8906529545783997,60.17000079154968,6.364166970054309,1.0694604913393657,0.38546167391662794,0.3842800040729344,0.4005925147794187,0.38546167391662794,1.0694604913393657,11.677389654020468,11.677389654020468,0.8906529545783997,0.03133333220224207,1.5481962996224563,1.1490564346313477,3.6180996894836426,1.5481962996224563,774.3333333333334,60.17000079154968,53.76800000667572,85.25500148534775,60.17000079154968,6.364166970054309,0.27339620715271834,0.29042018531636216,0.3167043369588818,0.00256974449277752,0.002561866693819563,0.002670616765196125,0.00256974449277752,0.00038546167391662793,0.00038428000407293435,0.0004005925147794187,0.00038546167391662793,0.27339620715271834,0.04670955861608187,0.0438347190618515,0.07585081756114959,0.04670955861608187,0.07784926436013645,0.07305786510308583,0.12641802926858264,0.07784926436013645,0.2270721102105531,0.24273861792791185,0.25,0.2270721102105531,0.9082884408422124,0.9709544717116474,1.0,0.9082884408422124,0.33519866814215976,11.677389654020468,11.677389654020468,10.958679765462875,18.9627043902874,11.677389654020468,10.053858603703592,9.267138433642685,17.191060585901138,gap-constrained-all-hard_50ms_300k_shield
5.0,25.0,0.0,0.0,0.0,0.0,0.0,5.0,0.0,5.0,25.0,0.0,0.0,0.0,0.0,0.0,0.0,0.0,0.0,0.0,0.0,,0.0,0.0,0.0,0.0,0.0,0.0,0.0,0.0,0.0,0.0,0.0,0.0,0.0,0.0,0.0,0.0,0.0,0.0,550.0,15.629902640780942,14.727744972333312,23.194302921183404,generated-034,1.0,,0.0,52.07599997520447,0.0,0.0,0.0,0.0,0.0,0.0,0.0,0.0,0.0,0.0,0.0,0.0,0.0,0.0,0.0,0.0,0.0,0.0,0.0,0.0,0.0,0.0,0.0,0.0,0.0,0.0,0.0,0.0,5.0,0.0,0.0,0.0,0.0,0.0,0.0,0.0,0.0,0.0,0.0,0.0,0.0,0.0,0.0,0.0,0.0,0.0,0.0,0.0,0.0,0.0,0.0,0.0,0.0,0.0,0.0,0.0,0.0,0.0,0.0,0.0,0.0,0.0,0.0,0.0,0.0,0.0,0.0,0.0,0.0,0.0,0.0,0.0,0.0,0.0,0.0,0.0,0.0,0.0,0.0,0.0,0.0,0.0,0.0,0.0,0.0,0.0,0.0,0.0,0.0,0.0,0.0,0.0,0.0,0.0,0.0,0.0,0.0,0.0,0.0,0.0,0.0,0.0,0.0,0.0,0.0,0.0,0.0,0.0,0.0,0.0,0.0,0.0,0.0,0.0,0.0,0.0,0.0,0.0,0.0,0.0,0.0,0.0,0.0,0.0,0.0,0.0,0.0,0.0,0.0,0.0,0.0,0.0,0.0,0.0,0.0,0.0,0.0,0.0,0.0,0.0,0.0,0.0,0.0,0.0,0.0,0.0,0.0,0.0,0.0,0.0,0.0,0.0,0.0,0.0,-1.0,0.0,-1.0,0.0,0.0,0.0,0.0,0.0,0.0,0.0,0.0,0.0,0.0,0.0,-1.0,0.0,-1.0,0.0,0.0,0.0,0.0,0.0,0.0,7.884216197258369,7.133204489946365,13.01775347674265,,0.0,5.0,5.0,5.0,5.0,5.0,5.0,5.0,5.0,5.0,5.0,5.0,0.0,0.0,0.0,0.0,,,,,,,,,,,,,,,,,,,,,,,,,,,,,0.0,0.0,0.0,0.0,0.0,0.0,0.0,0.0,0.0,0.0,0.0,0.0,0.0,0.0,0.0,0.0,0.0,0.0,0.0,0.0,0.0,0.0,0.0,0.0,0.0,0.0,0.0,0.0,,,,,,,7.741130947728049,7.3264839593321085,11.901370575651526,gap-constrained-all-hard_50ms_300k_shield
150.0,25.0,0.0,0.0096279760103081,0.0,0.0,1.0,150.0,0.055834958950678505,150.0,25.0,0.0,6.411500056584676,5.726236663758755,5.463840067386627,6.967719923704863,5.726236663758755,59.01616712411245,54.475000500679016,75.06725043058395,59.01616712411245,7.100833336512248,7.332833290100098,16.506528404230874,13.08232992887497,36.48171052336693,16.506528404230874,56.17566605408987,54.67450022697449,61.25099956989288,56.17566605408987,6.374666770299275,9.092088167866072,8.888844773173332,11.718182265758514,9.092088167866072,76.3046662012736,53.549498319625854,156.2997505068779,76.3046662012736,138.0,18.944251696930092,18.048627069219947,25.615001213736832,generated-035,6.0,0.0005833333333333334,0.0577678560618486,51.44500136375427,0.29898893204854704,0.2904921213164101,0.3756289404709688,0.29898893204854704,0.0,0.0,0.0,0.0,0.6666666666666666,1.0,1.0,0.6666666666666666,0.3333333333333333,0.0,1.0,0.3333333333333333,0.034865955704562135,0.018015886783764645,0.09265776507932491,0.034865955704562135,0.8333333333333334,1.0,1.0,0.29898893204854704,0.2904921213164101,0.3756289404709688,0.29898893204854704,0.8333333333333334,150.0,0.0096279760103081,0.005473017157956695,0.03501298933794836,0.0096279760103081,0.24581690580478566,0.2577340818703616,0.2669566622923004,0.0,0.0,0.0,0.0,0.0,0.0,0.0,0.0,0.24581690580478566,0.022904946655035018,0.021855360269546507,0.02787087969481945,0.022904946655035018,0.03817491109172503,0.03642560044924418,0.04645146615803242,0.03817491109172503,0.22291195914975068,0.23609846395514775,0.23916125131818564,0.22291195914975068,0.8916478365990027,0.944393855820591,0.9566450052727425,0.8916478365990027,0.29469813482110935,0.2869674611663683,0.3756289404709688,0.006133066490292549,0.004825999960303307,0.014187966162959736,0.006133066490292549,0.0009199599735438824,0.0007238999940454959,0.00212819492444396,0.0009199599735438824,0.29469813482110935,0.0660261136169235,0.052329319715499874,0.1459268420934677,0.0660261136169235,0.11004352269487248,0.08721553285916646,0.24321140348911285,0.11004352269487248,0.22959198117772975,0.2352340099066993,0.2368318940130155,0.22959198117772975,0.918367924710919,0.9409360396267972,0.947327576052062,0.918367924710919,0.24806204907748056,0.276223681335659,0.28686778304757343,7.437777902749884e-05,7.44333350060818e-05,7.480000203941017e-05,7.437777902749884e-05,1.1156666854124825e-05,1.116500025091227e-05,1.1220000305911525e-05,1.1156666854124825e-05,0.24806204907748056,0.03636835267146429,0.03555537909269332,0.04687272906303406,0.03636835267146429,0.06061392111910715,0.05925896515448888,0.07812121510505676,0.06061392111910715,0.21170485307287043,0.24017546964201408,0.24179004536490245,0.21170485307287043,0.8468194122914817,0.9607018785680563,0.9671601814596098,0.8468194122914817,0.2641229763439849,0.27386755116259087,0.28349321398705274,0.0034948889062636425,0.0034932334286471205,0.0035895000522335367,0.0034948889062636425,0.0005242333359395464,0.0005239850142970681,0.0005384250078350305,0.0005242333359395464,0.2641229763439849,0.03122279321153958,0.03067129999399185,0.041806689649820324,0.03122279321153958,0.05203798868589931,0.05111883332331975,0.06967781608303387,0.05203798868589931,0.23342441646838485,0.2428579795836772,0.24488658902508764,0.23342441646838485,0.9336976658735394,0.9714319183347088,0.9795463561003506,0.9336976658735394,0.034865955704562135,0.018015886783764645,0.09265776507932491,0.034865955704562135,150.0,150.0,150.0,150.0,25.0,1650575750.7290123,0.0,3.5,7.535909652709961,7.479331731796265,9.763287544250488,7.535909652709961,0.6550755575299263,128.0,150.0,150.0,150.0,150.0,25.0,1650575750.7290123,0.0,3.5,0.22780422866344452,0.23877736181020737,0.26682522892951965,0.22780422866344452,0.00597333333765467,128.0,9.2735699803123,8.117220015265048,15.204077539965512,0.0005833333333333334,150.0,150.0,150.0,150.0,150.0,150.0,150.0,150.0,150.0,150.0,150.0,150.0,0.0096279760103081,0.005473017157956695,0.03501298933794836,0.0096279760103081,35.06921666363875,37.73849010467529,47.29067459702492,35.06921666363875,0.5242333359395465,0.9294145504633585,55.64450025558472,3.5888332525889077,1.0560878713925679,0.5242333359395465,0.5239850142970681,0.5384250078350306,0.5242333359395465,1.0556111335754395,7.805698302884896,7.805698302884896,0.9294145504633585,0.02899999908792476,0.5256499747435252,0.4780459851026535,0.9718545824289322,0.5256499747435252,787.5,55.64450025558472,52.95799970626831,65.24850130081177,55.64450025558472,3.5888332525889077,0.2641229763439849,0.27386755116259087,0.28349321398705274,0.0034948889062636425,0.0034932334286471205,0.0035895000522335367,0.0034948889062636425,0.0005242333359395464,0.0005239850142970681,0.0005384250078350305,0.0005242333359395464,0.2641229763439849,0.03122279321153958,0.03067129999399185,0.041806689649820324,0.03122279321153958,0.05203798868589931,0.05111883332331975,0.06967781608303387,0.05203798868589931,0.23342441646838485,0.2428579795836772,0.24488658902508764,0.23342441646838485,0.9336976658735394,0.9714319183347088,0.9795463561003506,0.9336976658735394,0.5735646386941274,7.805698302884896,7.805698302884896,7.667824998497963,10.451672412455082,7.805698302884896,9.665423040818153,9.095792076550424,15.449402725789698,gap-constrained-all-hard_50ms_300k_shield
5.0,25.0,0.0,0.0,0.0,0.0,0.0,5.0,0.0,5.0,25.0,0.0,0.0,0.0,0.0,0.0,0.0,0.0,0.0,0.0,0.0,,0.0,0.0,0.0,0.0,0.0,0.0,0.0,0.0,0.0,0.0,0.0,0.0,0.0,0.0,0.0,0.0,0.0,0.0,406.0,18.476711839019995,16.72934298403561,30.904955754522234,generated-036,1.0,,0.0,52.376002073287964,0.0,0.0,0.0,0.0,0.0,0.0,0.0,0.0,0.0,0.0,0.0,0.0,0.0,0.0,0.0,0.0,0.0,0.0,0.0,0.0,0.0,0.0,0.0,0.0,0.0,0.0,0.0,0.0,5.0,0.0,0.0,0.0,0.0,0.0,0.0,0.0,0.0,0.0,0.0,0.0,0.0,0.0,0.0,0.0,0.0,0.0,0.0,0.0,0.0,0.0,0.0,0.0,0.0,0.0,0.0,0.0,0.0,0.0,0.0,0.0,0.0,0.0,0.0,0.0,0.0,0.0,0.0,0.0,0.0,0.0,0.0,0.0,0.0,0.0,0.0,0.0,0.0,0.0,0.0,0.0,0.0,0.0,0.0,0.0,0.0,0.0,0.0,0.0,0.0,0.0,0.0,0.0,0.0,0.0,0.0,0.0,0.0,0.0,0.0,0.0,0.0,0.0,0.0,0.0,0.0,0.0,0.0,0.0,0.0,0.0,0.0,0.0,0.0,0.0,0.0,0.0,0.0,0.0,0.0,0.0,0.0,0.0,0.0,0.0,0.0,0.0,0.0,0.0,0.0,0.0,0.0,0.0,0.0,0.0,0.0,0.0,0.0,0.0,0.0,0.0,0.0,0.0,0.0,0.0,0.0,0.0,0.0,0.0,0.0,0.0,0.0,0.0,0.0,0.0,-1.0,0.0,-1.0,0.0,0.0,0.0,0.0,0.0,0.0,0.0,0.0,0.0,0.0,0.0,-1.0,0.0,-1.0,0.0,0.0,0.0,0.0,0.0,0.0,9.30063506092858,8.100361446850002,16.926358395721763,,0.0,5.0,5.0,5.0,5.0,5.0,5.0,5.0,5.0,5.0,5.0,5.0,0.0,0.0,0.0,0.0,,,,,,,,,,,,,,,,,,,,,,,,,,,,,0.0,0.0,0.0,0.0,0.0,0.0,0.0,0.0,0.0,0.0,0.0,0.0,0.0,0.0,0.0,0.0,0.0,0.0,0.0,0.0,0.0,0.0,0.0,0.0,0.0,0.0,0.0,0.0,,,,,,,9.171159725218754,8.442086516879499,15.975614660419524,gap-constrained-all-hard_50ms_300k_shield
125.74485280730508,25.0,0.0,0.09581925412889465,0.0,0.0,0.8425583523782817,125.74485280730508,0.0714708535508676,125.74485280730508,25.0,0.0,9.657288588177074,101.92018099298531,120.0853705406189,142.7646678686142,101.92018099298531,84.68397254293615,59.493499994277954,299.53410148620594,84.68397254293615,9.347377228736878,7.3826136459003795,32.58817407387224,32.42148905992508,52.20977753400802,32.58817407387224,81.30456608804789,54.440999031066895,299.75105166435236,81.30456608804789,7.035250015692277,25.501332835886966,25.24767518043518,39.714791178703294,25.501332835886966,79.52776142142035,54.47149872779846,253.02609562873832,79.52776142142035,2410.0,15.742057614043912,14.741441002115607,24.1959349135868,generated-037,440.0,0.03658333333333333,42.160471816713645,52.01299786567688,0.6472400497546462,0.7221882834278844,0.806229786035937,0.6472400497546461,0.7909090909090909,1.0,1.0,0.7909090909090909,0.14545454545454545,0.0,1.0,0.14545454545454545,0.06136363636363636,0.0,1.0,0.06136363636363636,0.12995546305909,0.1483272659398877,0.3424760556760027,0.1299554630590901,0.8181818181818182,1.0,1.0,0.6472400497546462,0.7221882834278844,0.806229786035937,0.6472400497546461,0.8181818181818182,125.74485280730508,0.09581925412889465,0.09912917071789706,0.26215946398917056,0.09581925412889465,0.6199958613816529,0.663325389148953,0.8014373969596885,0.1611811874287245,0.03251710037390391,1.0,0.16118118742872453,0.024177178114308674,0.004877565056085586,0.15,0.0241771781143087,0.6199958613816529,0.4440734210194668,0.5473041296005249,0.6,0.4440734210194661,0.7401223683657779,0.9121735493342082,1.0,0.7401223683657772,0.20009961847649488,0.2183111350410571,0.2485064582754137,0.20009961847649496,0.8003984739059795,0.8732445401642284,0.9940258331016548,0.8003984739059798,0.41970661379099133,0.3821907572148425,0.7378495325373106,0.003189889096762483,0.0,0.00785760333140691,0.003189889096762484,0.0004784833645143725,0.0,0.0011786404997110366,0.00047848336451437277,0.4197066137909912,0.2083759044822691,0.13940410017967225,0.6,0.2083759044822688,0.3472931741371152,0.23234016696612042,1.0,0.3472931741371152,0.2118091926732366,0.23880205881249866,0.2474853070359341,0.2118091926732365,0.8472367706929465,0.9552082352499947,0.9899412281437364,0.847236770692946,0.3961091238195787,0.3530158241021636,0.7304365174819691,0.002021142411352152,0.0,0.007118686443815625,0.0020211424113521525,0.0003031713617028229,0.0,0.0010678029665723437,0.0003031713617028229,0.3961091238195792,0.18379403428778948,0.11222776174545288,0.6,0.18379403428778937,0.3063233904796491,0.1870462695757548,1.0,0.30632339047964935,0.21261826089349203,0.2386793344441761,0.24714735194071022,0.212618260893492,0.8504730435739681,0.9547173377767044,0.9885894077628409,0.850473043573968,0.5172845866955562,0.5131744457032797,0.7122855452521913,0.24983947196163175,0.17069926857948303,1.0,0.24983947196163175,0.03747592079424477,0.025604890286922453,0.15,0.037475920794244805,0.5172845866955561,0.3551346358929896,0.33793442249298095,0.6,0.355134635892989,0.5918910598216494,0.5632240374883015,1.0,0.591891059821649,0.19962587159681142,0.21419335000622358,0.2486573423577408,0.19962587159681144,0.7985034863872457,0.8567734000248943,0.9946293694309633,0.7985034863872458,0.12995546305909,0.1483272659398877,0.3424760556760027,0.1299554630590901,125.40394371639599,150.0,150.0,125.40394371639599,24.943181818181817,1646901184.3120613,0.0,219.49772727272727,64.52166881019419,71.61520767211914,77.26368408203125,64.52166881019419,33.70683550733057,127.7090909090909,125.40394371639599,150.0,150.0,125.40394371639599,24.943181818181817,1646901184.3120613,0.0,219.49772727272727,0.9910347166725181,1.0969937443733215,1.1636751115322113,0.9910347166725181,0.017346244642976672,127.7090909090909,7.765763325721056,6.86090043745935,13.353797444142398,0.03658333333333333,150.0,125.74485280730508,150.0,150.0,150.0,150.0,125.74485280730508,150.0,150.0,125.74485280730508,150.0,150.0,0.09581925412889465,0.09912917071789706,0.26215946398917056,0.09581925412889465,83.87675865473945,85.41666567325592,145.0771629810333,83.87675865473945,21.190758598015897,0.7854204811833122,83.8736386055296,3.7998772738818927,1.0008097746155478,21.190758598015897,18.87648031115532,45.4977811872959,21.190758598015897,1.0009500954638828,101.23328451744534,101.23328451744534,0.7854204811833122,0.00726590890659612,2.8833444581113077,2.745842218399048,18.428102207183823,2.8833444581113077,500.5090909090909,83.8736386055296,60.69899797439575,289.08944606780983,83.8736386055296,3.7998772738818927,0.5172845866955562,0.5131744457032797,0.7122855452521913,0.24983947196163175,0.17069926857948303,1.0,0.24983947196163175,0.03747592079424477,0.025604890286922453,0.15,0.037475920794244805,0.5172845866955561,0.3551346358929896,0.33793442249298095,0.6,0.355134635892989,0.5918910598216494,0.5632240374883015,1.0,0.591891059821649,0.19962587159681142,0.21419335000622358,0.2486573423577408,0.19962587159681144,0.7985034863872457,0.8567734000248943,0.9946293694309633,0.7985034863872458,0.5404864419929006,75.96598270687868,75.96598270687868,75.69295763969421,121.42791390419005,75.96598270687868,7.97156394107646,7.359771407209337,12.970857869368038,gap-constrained-all-hard_50ms_300k_shield
9.911591529846191,25.0,0.0,0.0,0.0,0.0,0.20118415355682373,9.911591529846191,0.0,9.911591529846191,25.0,0.0,0.0,0.0,0.0,0.0,0.0,0.0,0.0,0.0,0.0,,0.0,0.0,0.0,0.0,0.0,0.0,0.0,0.0,0.0,0.0,0.0,0.0,0.0,0.0,0.0,0.0,0.0,0.0,442.0,15.790800982770168,15.089944005012512,22.769513505045325,generated-038,1.0,,0.0,52.420997619628906,0.0,0.0,0.0,0.0,0.0,0.0,0.0,0.0,0.0,0.0,0.0,0.0,0.0,0.0,0.0,0.0,0.0,0.0,0.0,0.0,0.0,0.0,0.0,0.0,0.0,0.0,0.0,0.0,9.911591529846191,0.0,0.0,0.0,0.0,0.0,0.0,0.0,0.0,0.0,0.0,0.0,0.0,0.0,0.0,0.0,0.0,0.0,0.0,0.0,0.0,0.0,0.0,0.0,0.0,0.0,0.0,0.0,0.0,0.0,0.0,0.0,0.0,0.0,0.0,0.0,0.0,0.0,0.0,0.0,0.0,0.0,0.0,0.0,0.0,0.0,0.0,0.0,0.0,0.0,0.0,0.0,0.0,0.0,0.0,0.0,0.0,0.0,0.0,0.0,0.0,0.0,0.0,0.0,0.0,0.0,0.0,0.0,0.0,0.0,0.0,0.0,0.0,0.0,0.0,0.0,0.0,0.0,0.0,0.0,0.0,0.0,0.0,0.0,0.0,0.0,0.0,0.0,0.0,0.0,0.0,0.0,0.0,0.0,0.0,0.0,0.0,0.0,0.0,0.0,0.0,0.0,0.0,0.0,0.0,0.0,0.0,0.0,0.0,0.0,0.0,0.0,0.0,0.0,0.0,0.0,0.0,0.0,0.0,0.0,0.0,0.0,0.0,0.0,0.0,0.0,-1.0,0.0,-1.0,0.0,0.0,0.0,0.0,0.0,0.0,0.0,0.0,0.0,0.0,0.0,-1.0,0.0,-1.0,0.0,0.0,0.0,0.0,0.0,0.0,7.9309093777503294,7.391165592707694,12.706441583577542,,0.0,9.911591529846191,9.911591529846191,9.911591529846191,9.911591529846191,9.911591529846191,9.911591529846191,9.911591529846191,9.911591529846191,9.911591529846191,9.911591529846191,9.911591529846191,0.0,0.0,0.0,0.0,,,,,,,,,,,,,,,,,,,,,,,,,,,,,0.0,0.0,0.0,0.0,0.0,0.0,0.0,0.0,0.0,0.0,0.0,0.0,0.0,0.0,0.0,0.0,0.0,0.0,0.0,0.0,0.0,0.0,0.0,0.0,0.0,0.0,0.0,0.0,,,,,,,7.855298380026113,7.325084530748427,12.040929903741924,gap-constrained-all-hard_50ms_300k_shield
127.33731757983183,25.0,0.0,0.09513400375522107,0.0,0.0,0.8538788513670492,127.33731757983183,0.07036304587705268,127.33731757983183,25.0,0.0,9.837279925998459,110.08196490872493,133.74828696250916,142.6674610376358,110.08196490872493,87.05698950932576,59.72850024700165,336.9574034214019,87.05698950932576,9.492149577181564,7.317149573921139,32.415984291185296,28.658030927181244,88.1182938814163,32.415984291185296,78.16184617770024,54.142001271247864,283.8350939750671,78.16184617770024,7.0586752371910295,25.487914429101934,25.120864808559418,37.711573243141174,25.487914429101934,78.14726292068123,54.06150221824646,278.85549783706665,78.14726292068123,2423.0,15.883360545447283,14.470180962234735,25.232180277816955,generated-039,468.0,0.03891666666666667,44.52271375744346,51.396000385284424,0.6627159564747733,0.7422085829849514,0.8080003057915282,0.6627159564747735,0.8183760683760684,1.0,1.0,0.8183760683760684,0.10683760683760683,0.0,1.0,0.10683760683760683,0.07264957264957266,0.0,1.0,0.07264957264957266,0.12341982370649911,0.1562386683214369,0.3302544340474827,0.12341982370649905,0.8076923076923077,1.0,1.0,0.6627159564747733,0.7422085829849514,0.8080003057915282,0.6627159564747735,0.8076923076923077,127.33731757983183,0.095134003755221,0.1038469912626597,0.2586541291160243,0.09513400375522107,0.6403773692001427,0.7276203728694804,0.7999440905077745,0.15796632086403697,0.034717933585246406,1.0,0.15796632086403695,0.023694948129605542,0.005207690037786961,0.15,0.02369494812960556,0.6403773692001429,0.4678535927580405,0.5564075708389282,0.6,0.46785359275803956,0.7797559879300676,0.9273459513982136,1.0,0.779755987930068,0.1962187245717075,0.2150514397872651,0.24459284808838644,0.19621872457170747,0.78487489828683,0.8602057591490604,0.9783713923535458,0.7848748982868299,0.41278692254662774,0.3592827768490679,0.7380992642550969,0.0036240234334082196,0.0,0.013726406975183581,0.0036240234334082204,0.0005436035150112329,0.0,0.002058961046277537,0.000543603515011233,0.4127869225466278,0.20027584691361996,0.12106754183769226,0.6,0.20027584691361977,0.33379307818936665,0.20177923639615378,1.0,0.3337930781893665,0.21305467914801898,0.23731380534257557,0.24453070488371104,0.21305467914801915,0.8522187165920759,0.9492552213703023,0.9781228195348441,0.8522187165920766,0.3882753536462399,0.3428612318128128,0.729834972650031,0.0009992215274845287,0.0,0.0028700734333445624,0.000999221527484529,0.0001498832291226793,0.0,0.0004305110150016843,0.00014988322912267923,0.3882753536462399,0.1756511768893952,0.10630840063095093,0.6,0.17565117688939513,0.29275196148232535,0.17718066771825153,1.0,0.29275196148232513,0.21277405998596735,0.23765617165315472,0.24503018001678084,0.21277405998596738,0.8510962399438694,0.9506246866126189,0.9801207200671234,0.8510962399438695,0.5392961327682742,0.5486429310893586,0.7182081828663137,0.18445278259823666,0.05944146712621053,1.0,0.1844527825982367,0.0276679173897355,0.00891622006893158,0.15,0.027667917389735522,0.5392961327682745,0.3645307345294899,0.3406542778015137,0.6,0.3645307345294894,0.6075512242158165,0.5677571296691895,1.0,0.6075512242158165,0.20243331562851974,0.21794406097746627,0.24560623534745776,0.20243331562851968,0.809733262514079,0.8717762439098651,0.982424941389831,0.8097332625140787,0.12341982370649911,0.1562386683214369,0.3302544340474827,0.12341982370649905,127.32663381914807,150.0,150.0,127.32663381914807,24.946581196581196,1647242494.3391345,0.0,233.49786324786325,74.07321043707367,80.96411514282227,84.42675285339355,74.07321043707367,34.942457508996256,127.72649572649573,127.32663381914807,150.0,150.0,127.32663381914807,24.946581196581196,1647242494.3391345,0.0,233.49786324786325,1.0737449547801263,1.1708046793937683,1.2011376559734344,1.0737449547801263,0.017889740063438717,127.72649572649573,7.735958434733609,6.9102279376238585,13.406021590344611,0.03891666666666667,150.0,127.33731757983183,150.0,150.0,150.0,150.0,127.33731757983183,150.0,150.0,127.33731757983183,150.0,150.0,0.095134003755221,0.1038469912626597,0.2586541291160243,0.09513400375522107,85.1652946219676,92.01440215110779,144.0610545873642,85.1652946219676,11.487566366697573,0.804728950572829,79.54394850465987,3.718493607872301,1.000100032896058,11.487566366697573,7.9424601048231125,30.65466091036796,11.487566366697573,1.0011046020648418,104.35519077234034,104.35519077234034,0.804728950572829,0.008497863069910986,6.509180746129817,5.5911781787872314,16.49515218734741,6.509180746129817,518.732905982906,79.54394850465987,58.95549952983856,253.36684942245444,79.54394850465987,3.718493607872301,0.5392961327682742,0.5486429310893586,0.7182081828663137,0.18445278259823666,0.05944146712621053,1.0,0.1844527825982367,0.0276679173897355,0.00891622006893158,0.15,0.027667917389735522,0.5392961327682745,0.3645307345294899,0.3406542778015137,0.6,0.3645307345294894,0.6075512242158165,0.5677571296691895,1.0,0.6075512242158165,0.20243331562851974,0.21794406097746627,0.24560623534745776,0.20243331562851968,0.809733262514079,0.8717762439098651,0.982424941389831,0.8097332625140787,0.5650620766175098,81.4250684558199,81.4250684558199,82.94508755207062,120.13273477554318,81.4250684558199,8.142599488523594,7.266375003382564,13.971104449592534,gap-constrained-all-hard_50ms_300k_shield
5.0,25.0,0.0,0.01057298997971333,0.0,0.0,0.0,5.0,0.664990246295929,5.0,25.0,0.0,5.755000114440918,4.793329909443855,4.793329909443855,4.793329909443855,4.793329909443855,75.56300163269043,75.56300163269043,75.56300163269043,75.56300163269043,5.755000114440918,5.781000137329102,3.6679498851299286,3.6679498851299286,3.6679498851299286,3.6679498851299286,124.04099702835083,124.04099702835083,124.04099702835083,124.04099702835083,6.988999843597412,4.825489968061447,4.825489968061447,4.825489968061447,4.825489968061447,357.55600929260254,357.55600929260254,357.55600929260254,357.55600929260254,131.0,14.574149237831927,13.884487794712186,19.849761971272528,generated-040,1.0,0.00016666666666666666,0.01057298997971333,51.42999887466431,0.7453556104777562,0.7453556104777562,0.7453556104777562,0.7453556104777562,1.0,1.0,1.0,1.0,0.0,0.0,0.0,0.0,0.0,0.0,0.0,0.0,0.058794086578915716,0.058794086578915716,0.058794086578915716,0.058794086578915716,1.0,1.0,1.0,0.7453556104777562,0.7453556104777562,0.7453556104777562,0.7453556104777562,1.0,5.0,0.01057298997971333,0.01057298997971333,0.01057298997971333,0.01057298997971333,0.7453556104777562,0.7453556104777562,0.7453556104777562,0.0,0.0,0.0,0.0,0.0,0.0,0.0,0.0,0.7453556104777562,0.5751995891332626,0.5751995891332626,0.5751995891332626,0.5751995891332626,0.9586659818887711,0.9586659818887711,0.9586659818887711,0.9586659818887711,0.1701560213444936,0.1701560213444936,0.1701560213444936,0.1701560213444936,0.6806240853779744,0.6806240853779744,0.6806240853779744,0.6806240853779744,0.543809229455271,0.543809229455271,0.543809229455271,0.0,0.0,0.0,0.0,0.0,0.0,0.0,0.0,0.543809229455271,0.44015398621559143,0.44015398621559143,0.44015398621559143,0.44015398621559143,0.7335899770259857,0.7335899770259857,0.7335899770259857,0.7335899770259857,0.10365524323967958,0.10365524323967958,0.10365524323967958,0.10365524323967958,0.4146209729587183,0.4146209729587183,0.4146209729587183,0.4146209729587183,0.6146752966179041,0.6146752966179041,0.6146752966179041,0.00228599994443357,0.00228599994443357,0.00228599994443357,0.00228599994443357,0.0003428999916650355,0.0003428999916650355,0.0003428999916650355,0.0003428999916650355,0.6146752966179041,0.5790587961673737,0.5790587961673737,0.5790587961673737,0.5790587961673737,0.9650979936122894,0.9650979936122894,0.9650979936122894,0.9650979936122894,0.03595940044219552,0.03595940044219552,0.03595940044219552,0.03595940044219552,0.14383760176878208,0.14383760176878208,0.14383760176878208,0.14383760176878208,0.6865615238988405,0.6865615238988405,0.6865615238988405,0.0,0.0,0.0,0.0,0.0,0.0,0.0,0.0,0.6865615238988405,0.5767715871334076,0.5767715871334076,0.5767715871334076,0.5767715871334076,0.9612859785556793,0.9612859785556793,0.9612859785556793,0.9612859785556793,0.10978993676543294,0.10978993676543294,0.10978993676543294,0.10978993676543294,0.4391597470617318,0.4391597470617318,0.4391597470617318,0.4391597470617318,0.058794086578915716,0.058794086578915716,0.058794086578915716,0.058794086578915716,5.0,5.0,5.0,5.0,25.0,1650798023.711294,0.0,468.0,4.026481628417969,4.026481628417969,4.026481628417969,4.026481628417969,71.10240173339844,128.0,5.0,5.0,5.0,5.0,25.0,1650798023.711294,0.0,468.0,0.08274127542972565,0.08274127542972565,0.08274127542972565,0.08274127542972565,0.08959999680519104,128.0,6.736583627390725,6.252777995541692,10.884354473091662,0.00016666666666666666,5.0,5.0,5.0,5.0,5.0,5.0,5.0,5.0,5.0,5.0,5.0,5.0,0.01057298997971333,0.01057298997971333,0.01057298997971333,0.01057298997971333,4.798150062561035,4.798150062561035,4.798150062561035,4.798150062561035,0.0,0.4391598105430603,117.11000204086304,1.440000057220459,0.9995728731155396,0.0,0.0,0.0,0.0,1.0,4.817570000886917,4.817570000886917,0.4391598105430603,-0.024000000208616257,0.11008430272340775,0.11008430272340775,0.11008430272340775,0.11008430272340775,787.0,117.11000204086304,117.11000204086304,117.11000204086304,117.11000204086304,1.440000057220459,0.6865615238988405,0.6865615238988405,0.6865615238988405,0.0,0.0,0.0,0.0,0.0,0.0,0.0,0.0,0.6865615238988405,0.5767715871334076,0.5767715871334076,0.5767715871334076,0.5767715871334076,0.9612859785556793,0.9612859785556793,0.9612859785556793,0.9612859785556793,0.10978993676543294,0.10978993676543294,0.10978993676543294,0.10978993676543294,0.4391597470617318,0.4391597470617318,0.4391597470617318,0.4391597470617318,0.5461598038673401,4.806429892778397,4.806429892778397,4.806429892778397,4.806429892778397,4.806429892778397,7.832773870482813,7.271456066519022,11.160669499076903,gap-constrained-all-hard_50ms_300k_shield
150.0,25.0,0.0,0.032812569137843244,0.0,0.0,1.0,150.0,0.055834958950678505,150.0,25.0,0.0,6.05816666285197,5.194218332568805,5.114224925637245,5.662565026432276,5.194218332568805,70.65016428629558,54.99299764633179,124.09299612045288,70.65016428629558,8.38783327738444,8.298166592915853,26.475750065098207,20.383980870246887,59.57881584763527,26.475750065098207,56.142167250315346,54.73349988460541,61.82800233364105,56.142167250315346,7.263166586558024,11.523599984745184,11.777390167117119,16.949044913053513,11.523599984745184,96.37483259042104,53.80399823188782,244.7025015950203,96.37483259042104,100.0,18.05244561517611,17.020434024743736,26.622780913021412,generated-041,6.0,0.0005833333333333334,0.19687541482705945,52.46700048446655,0.3375650493465274,0.32361195027097917,0.46125691555342796,0.3375650493465274,0.0,0.0,0.0,0.0,0.8333333333333334,1.0,1.0,0.8333333333333334,0.16666666666666666,0.0,0.75,0.16666666666666666,0.0889456570283594,0.06312429986953885,0.19681584545439276,0.0889456570283594,1.0,1.0,1.0,0.3375650493465274,0.32361195027097917,0.46125691555342796,0.3375650493465274,1.0,150.0,0.032812569137843244,0.02091314091788702,0.09221767354727474,0.032812569137843244,0.23230248844998247,0.2602027279906445,0.2652379462271236,0.0,0.0,0.0,0.0,0.0,0.0,0.0,0.0,0.23230248844998247,0.020776873330275218,0.020456899702548978,0.022650260105729104,0.020776873330275218,0.034628122217125364,0.034094832837581635,0.03775043350954851,0.034628122217125364,0.21152561511970727,0.23853684790660673,0.24440115669362766,0.21152561511970727,0.8461024604788291,0.9541473916264269,0.9776046267745107,0.8461024604788291,0.33598200663528766,0.32361195027097917,0.46125691555342796,0.02757539931270811,0.0,0.08573856328924497,0.02757539931270811,0.004136309896906216,0.0,0.012860784493386745,0.004136309896906216,0.33598200663528766,0.10590300026039283,0.08153592348098755,0.23831526339054107,0.10590300026039283,0.176505000433988,0.1358932058016459,0.3971921056509018,0.176505000433988,0.23421531627180103,0.23972815159655264,0.24970478790974096,0.23421531627180103,0.9368612650872041,0.9589126063862106,0.9988191516389638,0.9368612650872041,0.2539124860035616,0.2818362642176205,0.3127017888505347,0.007242344552651049,0.007936733464399975,0.011024783675869305,0.007242344552651049,0.001086351682897657,0.001190510019659996,0.0016537175513803958,0.001086351682897657,0.2539124860035616,0.046094399938980735,0.04710956066846847,0.06779617965221404,0.046094399938980735,0.07682399989830123,0.07851593444744745,0.1129936327536901,0.07682399989830123,0.20890443774747855,0.24379187245588346,0.24787188342841815,0.20890443774747855,0.8356177509899142,0.9751674898235339,0.9914875337136726,0.8356177509899142,0.248619392318168,0.256970813802596,0.26619948839845736,0.0,0.0,0.0,0.0,0.0,0.0,0.0,0.0,0.248619392318168,0.01882327323158582,0.018737860023975372,0.019650400057435034,0.01882327323158582,0.03137212205264303,0.031229766706625618,0.032750666762391724,0.03137212205264303,0.22979611908658215,0.23799371414553733,0.246668708157564,0.22979611908658215,0.9191844763463286,0.9519748565821493,0.986674832630256,0.9191844763463286,0.0889456570283594,0.06312429986953885,0.19681584545439276,0.0889456570283594,150.0,150.0,150.0,150.0,25.0,1650847237.2710485,0.0,3.5,4.721534252166748,4.712896108627319,4.979520201683044,4.721534252166748,0.08021333068609238,128.0,150.0,150.0,150.0,150.0,25.0,1650847237.2710485,0.0,3.5,0.09691802908976872,0.0967705249786377,0.10062425956130028,0.09691802908976872,0.0019911111642917,128.0,9.174796734005213,7.94448796659708,17.041267605964094,0.0005833333333333334,150.0,150.0,150.0,150.0,150.0,150.0,150.0,150.0,150.0,150.0,150.0,150.0,0.032812569137843244,0.02091314091788702,0.09221767354727474,0.032812569137843244,6.608753216763337,6.952544674277306,7.9846348613500595,6.608753216763337,0.0,0.8975039521853129,57.95799891153971,1.5926666557788849,1.0071528156598408,0.0,0.0,0.0,0.0,1.0071528156598408,4.705818307896455,4.705818307896455,0.8975039521853129,0.04749999917112291,0.22897826383511224,0.23813004791736603,0.2618824392557144,0.22897826383511224,747.8333333333334,57.95799891153971,55.11399805545807,70.55025100708008,57.95799891153971,1.5926666557788849,0.248619392318168,0.256970813802596,0.26619948839845736,0.0,0.0,0.0,0.0,0.0,0.0,0.0,0.0,0.248619392318168,0.01882327323158582,0.018737860023975372,0.019650400057435034,0.01882327323158582,0.03137212205264303,0.031229766706625618,0.032750666762391724,0.03137212205264303,0.22979611908658215,0.23799371414553733,0.246668708157564,0.22979611908658215,0.9191844763463286,0.9519748565821493,0.986674832630256,0.9191844763463286,0.5478206723928452,4.705818307896455,4.705818307896455,4.684465005993843,4.912600014358759,4.705818307896455,8.873344624880701,8.014303050003946,14.397359092254192,gap-constrained-all-hard_50ms_300k_shield
5.0,25.0,0.0,0.0,0.0,0.0,0.0,5.0,0.0,5.0,25.0,0.0,0.0,0.0,0.0,0.0,0.0,0.0,0.0,0.0,0.0,,0.0,0.0,0.0,0.0,0.0,0.0,0.0,0.0,0.0,0.0,0.0,0.0,0.0,0.0,0.0,0.0,0.0,0.0,480.0,15.627267607487738,14.745188411325216,23.2777605531737,generated-042,1.0,,0.0,51.68899893760681,0.0,0.0,0.0,0.0,0.0,0.0,0.0,0.0,0.0,0.0,0.0,0.0,0.0,0.0,0.0,0.0,0.0,0.0,0.0,0.0,0.0,0.0,0.0,0.0,0.0,0.0,0.0,0.0,5.0,0.0,0.0,0.0,0.0,0.0,0.0,0.0,0.0,0.0,0.0,0.0,0.0,0.0,0.0,0.0,0.0,0.0,0.0,0.0,0.0,0.0,0.0,0.0,0.0,0.0,0.0,0.0,0.0,0.0,0.0,0.0,0.0,0.0,0.0,0.0,0.0,0.0,0.0,0.0,0.0,0.0,0.0,0.0,0.0,0.0,0.0,0.0,0.0,0.0,0.0,0.0,0.0,0.0,0.0,0.0,0.0,0.0,0.0,0.0,0.0,0.0,0.0,0.0,0.0,0.0,0.0,0.0,0.0,0.0,0.0,0.0,0.0,0.0,0.0,0.0,0.0,0.0,0.0,0.0,0.0,0.0,0.0,0.0,0.0,0.0,0.0,0.0,0.0,0.0,0.0,0.0,0.0,0.0,0.0,0.0,0.0,0.0,0.0,0.0,0.0,0.0,0.0,0.0,0.0,0.0,0.0,0.0,0.0,0.0,0.0,0.0,0.0,0.0,0.0,0.0,0.0,0.0,0.0,0.0,0.0,0.0,0.0,0.0,0.0,0.0,-1.0,0.0,-1.0,0.0,0.0,0.0,0.0,0.0,0.0,0.0,0.0,0.0,0.0,0.0,-1.0,0.0,-1.0,0.0,0.0,0.0,0.0,0.0,0.0,7.969772572202298,7.027952931821346,13.821192178875204,,0.0,5.0,5.0,5.0,5.0,5.0,5.0,5.0,5.0,5.0,5.0,5.0,0.0,0.0,0.0,0.0,,,,,,,,,,,,,,,,,,,,,,,,,,,,,0.0,0.0,0.0,0.0,0.0,0.0,0.0,0.0,0.0,0.0,0.0,0.0,0.0,0.0,0.0,0.0,0.0,0.0,0.0,0.0,0.0,0.0,0.0,0.0,0.0,0.0,0.0,0.0,,,,,,,7.6526039323653094,7.139741908758879,12.083026359323409,gap-constrained-all-hard_50ms_300k_shield
125.96475304770715,25.0,0.0,0.0781856844709954,0.0,0.0,0.8446692051145143,125.96475304770715,0.06976373648347775,125.96475304770715,25.0,0.0,9.820552565387844,109.03611797340137,133.1089973449707,142.49886751174927,109.03611797340137,87.93267621207482,60.092997550964355,333.14239501953114,87.93267621207482,9.439428850547555,7.3323649494918355,32.178654607923065,29.922181367874146,57.23700165748595,32.178654607923065,78.69572592764786,54.08300161361694,287.2434043884275,78.69572592764786,6.992138158660574,24.169083922794186,24.11687970161438,37.98908531665802,24.169083922794186,79.34302278400696,54.28699851036072,257.9304075241088,79.34302278400696,2357.0,16.173328422258876,14.872552128508687,25.924931373447176,generated-043,485.0,0.040333333333333325,37.92005696843277,51.611000299453735,0.6667897180276423,0.7497518432807223,0.8026976830042686,0.666789718027643,0.7938144329896907,1.0,1.0,0.7938144329896907,0.10927835051546392,0.0,1.0,0.10927835051546392,0.09484536082474226,0.0,1.0,0.09484536082474226,0.10709627643219312,0.10702287453230586,0.30954576818904134,0.10709627643219319,0.8206185567010309,1.0,1.0,0.6667897180276423,0.7497518432807223,0.8026976830042686,0.666789718027643,0.8206185567010309,125.96475304770715,0.07818568447099544,0.06708000835010196,0.23541629366848593,0.0781856844709954,0.6418163453178986,0.7216446061667584,0.7964745618376123,0.1600009539613406,0.033281199634075165,1.0,0.16000095396134045,0.02400014309420109,0.004992179945111274,0.15,0.024000143094201124,0.6418163453178991,0.4721712104859877,0.5560583114624024,0.6,0.47217121048598715,0.7869520174766462,0.9267638524373373,1.0,0.7869520174766456,0.1936452779261119,0.21469517159518944,0.24293475611028978,0.19364527792611194,0.7745811117044475,0.8587806863807578,0.9717390244411591,0.7745811117044478,0.41686208035168154,0.365094290680285,0.7472413998113124,0.011081292195410425,0.0,0.017372613648573548,0.01108129219541042,0.0016621938293115638,0.0,0.002605892047286032,0.0016621938293115651,0.4168620803516816,0.20630119347475082,0.12534427642822266,0.6,0.20630119347475065,0.343835322457918,0.2089071273803711,1.0,0.343835322457918,0.21222308070624232,0.23852461256263727,0.2455225403780742,0.21222308070624238,0.8488923228249693,0.9540984502505491,0.9820901615122968,0.8488923228249695,0.38964013383230856,0.3411417235565623,0.7328785333488154,0.003771313869349459,0.0,0.0033133600528041517,0.003771313869349459,0.0005656970804024188,0.0,0.0004970040079206227,0.0005656970804024189,0.38964013383230856,0.17899464350981353,0.10487772226333618,0.6,0.1789946435098133,0.2983244058496892,0.17479620377222696,1.0,0.2983244058496892,0.21121118740289743,0.2375103450946943,0.24547117365674243,0.21121118740289743,0.8448447496115897,0.9500413803787772,0.9818846946269697,0.8448447496115897,0.5596934415954492,0.5604857799887054,0.7810229947170154,0.13350795763072265,0.03815579911073049,0.6807147860527025,0.13350795763072265,0.020026193644608396,0.005723369866609574,0.10210721790790539,0.0200261936446084,0.5596934415954494,0.3767639572436327,0.35478436946868896,0.6,0.37676395724363204,0.6279399287393879,0.5913072824478149,1.0,0.627939928739388,0.20295567799642492,0.2269453441299791,0.24774770534739343,0.20295567799642494,0.8118227119856997,0.9077813765199164,0.9909908213895737,0.8118227119856998,0.10709627643219312,0.10702287453230586,0.30954576818904134,0.10709627643219319,125.65547469719169,150.0,150.0,125.65547469719169,24.948453608247423,1647521136.9328253,0.0,241.9979381443299,68.5944357463994,74.62760925292969,84.8529556274414,68.5944357463994,34.4315195791961,127.7360824742268,125.65547469719169,150.0,150.0,125.65547469719169,24.948453608247423,1647521136.9328253,0.0,241.9979381443299,0.9571757590647825,1.0251612663269043,1.168878960609436,0.9571757590647825,0.016987650007604785,127.7360824742268,7.8323749071844535,7.000909885391593,13.158535305410624,0.040333333333333325,150.0,125.96475304770715,150.0,150.0,150.0,150.0,125.96475304770715,150.0,150.0,125.96475304770715,150.0,150.0,0.07818568447099544,0.06708000835010196,0.23541629366848593,0.0781856844709954,85.20122368599182,92.24038124084473,143.5694718360901,85.20122368599182,7.763770445269177,0.8042199730873107,83.46496072012124,3.765430933893802,1.0019918148050604,7.763770445269177,3.5220298916101456,28.356715440750104,7.763770445269177,1.001413338946313,109.67168529085892,109.67168529085892,0.8042199730873107,0.002111340333832447,9.147929956758942,8.983460426330566,19.177124786376954,9.147929956758942,528.8329896907217,83.46496072012124,56.85399770736694,295.4801988601683,83.46496072012124,3.765430933893802,0.5596934415954492,0.5604857799887054,0.7810229947170154,0.13350795763072265,0.03815579911073049,0.6807147860527025,0.13350795763072265,0.020026193644608396,0.005723369866609574,0.10210721790790539,0.0200261936446084,0.5596934415954494,0.3767639572436327,0.35478436946868896,0.6,0.37676395724363204,0.6279399287393879,0.5913072824478149,1.0,0.627939928739388,0.20295567799642492,0.2269453441299791,0.24774770534739343,0.20295567799642494,0.8118227119856997,0.9077813765199164,0.9909908213895737,0.8118227119856998,0.5472677155253813,82.1967731823319,82.1967731823319,82.90175199508667,132.34058141708368,82.1967731823319,8.336207338268594,7.405411917716265,15.005431463941925,gap-constrained-all-hard_50ms_300k_shield
5.0,25.0,0.0,0.0,0.0,0.0,0.0,5.0,0.0,5.0,25.0,0.0,0.0,0.0,0.0,0.0,0.0,0.0,0.0,0.0,0.0,,0.0,0.0,0.0,0.0,0.0,0.0,0.0,0.0,0.0,0.0,0.0,0.0,0.0,0.0,0.0,0.0,0.0,0.0,489.0,15.79522172270956,15.066851861774921,22.487400704994776,generated-044,1.0,,0.0,52.414000034332275,0.0,0.0,0.0,0.0,0.0,0.0,0.0,0.0,0.0,0.0,0.0,0.0,0.0,0.0,0.0,0.0,0.0,0.0,0.0,0.0,0.0,0.0,0.0,0.0,0.0,0.0,0.0,0.0,5.0,0.0,0.0,0.0,0.0,0.0,0.0,0.0,0.0,0.0,0.0,0.0,0.0,0.0,0.0,0.0,0.0,0.0,0.0,0.0,0.0,0.0,0.0,0.0,0.0,0.0,0.0,0.0,0.0,0.0,0.0,0.0,0.0,0.0,0.0,0.0,0.0,0.0,0.0,0.0,0.0,0.0,0.0,0.0,0.0,0.0,0.0,0.0,0.0,0.0,0.0,0.0,0.0,0.0,0.0,0.0,0.0,0.0,0.0,0.0,0.0,0.0,0.0,0.0,0.0,0.0,0.0,0.0,0.0,0.0,0.0,0.0,0.0,0.0,0.0,0.0,0.0,0.0,0.0,0.0,0.0,0.0,0.0,0.0,0.0,0.0,0.0,0.0,0.0,0.0,0.0,0.0,0.0,0.0,0.0,0.0,0.0,0.0,0.0,0.0,0.0,0.0,0.0,0.0,0.0,0.0,0.0,0.0,0.0,0.0,0.0,0.0,0.0,0.0,0.0,0.0,0.0,0.0,0.0,0.0,0.0,0.0,0.0,0.0,0.0,0.0,-1.0,0.0,-1.0,0.0,0.0,0.0,0.0,0.0,0.0,0.0,0.0,0.0,0.0,0.0,-1.0,0.0,-1.0,0.0,0.0,0.0,0.0,0.0,0.0,7.899325229094225,7.3568131774663925,12.12254273705184,,0.0,5.0,5.0,5.0,150.0,5.0,5.0,5.0,5.0,5.0,5.0,5.0,0.0,0.0,0.0,0.0,,,,,,,,,,,,,,,,,,,,,,,,,,,,,0.0,0.0,0.0,0.0,0.0,0.0,0.0,0.0,0.0,0.0,0.0,0.0,0.0,0.0,0.0,0.0,0.0,0.0,0.0,0.0,0.0,0.0,0.0,0.0,0.0,0.0,0.0,0.0,,,,,,,7.888503326007864,7.199696963652968,12.313613574951884,gap-constrained-all-hard_50ms_300k_shield
5.0,25.0,0.0,0.022854717921092005,0.0,0.0,0.0,5.0,0.664990246295929,5.0,25.0,0.0,5.755000114440918,4.782639816403389,4.782639816403389,4.782639816403389,4.782639816403389,78.78299951553345,78.78299951553345,78.78299951553345,78.78299951553345,5.755000114440918,4.322000026702881,1.2775300070643425,1.2775300070643425,1.2775300070643425,1.2775300070643425,62.14200258255005,62.14200258255005,62.14200258255005,62.14200258255005,7.218999862670898,4.8056598752737045,4.8056598752737045,4.8056598752737045,4.8056598752737045,357.85300731658936,357.85300731658936,357.85300731658936,357.85300731658936,104.0,14.58030882685517,13.754843967035413,19.33931253151968,generated-045,1.0,0.00016666666666666666,0.022854717921092005,51.79600119590759,0.7382796529364228,0.7382796529364228,0.7382796529364228,0.7382796529364228,1.0,1.0,1.0,1.0,0.0,0.0,0.0,0.0,0.0,0.0,0.0,0.0,0.07599319582050013,0.07599319582050013,0.07599319582050013,0.07599319582050013,1.0,1.0,1.0,0.7382796529364228,0.7382796529364228,0.7382796529364228,0.7382796529364228,1.0,5.0,0.022854717921092005,0.022854717921092005,0.022854717921092005,0.022854717921092005,0.7382796529364228,0.7382796529364228,0.7382796529364228,0.0,0.0,0.0,0.0,0.0,0.0,0.0,0.0,0.7382796529364228,0.5739167779684067,0.5739167779684067,0.5739167779684067,0.5739167779684067,0.9565279632806778,0.9565279632806778,0.9565279632806778,0.9565279632806778,0.1643628749680161,0.1643628749680161,0.1643628749680161,0.1643628749680161,0.6574514998720644,0.6574514998720644,0.6574514998720644,0.6574514998720644,0.3616811838162667,0.3616811838162667,0.3616811838162667,0.0,0.0,0.0,0.0,0.0,0.0,0.0,0.0,0.3616811838162667,0.1533036008477211,0.1533036008477211,0.1533036008477211,0.1533036008477211,0.2555060014128685,0.2555060014128685,0.2555060014128685,0.2555060014128685,0.2083775829685456,0.2083775829685456,0.2083775829685456,0.2083775829685456,0.8335103318741824,0.8335103318741824,0.8335103318741824,0.8335103318741824,0.6101248342983419,0.6101248342983419,0.6101248342983419,0.018264000536873937,0.018264000536873937,0.018264000536873937,0.018264000536873937,0.0027396000805310905,0.0027396000805310905,0.0027396000805310905,0.0027396000805310905,0.6101248342983419,0.5766791850328445,0.5766791850328445,0.5766791850328445,0.5766791850328445,0.9611319750547409,0.9611319750547409,0.9611319750547409,0.9611319750547409,0.03618524934602836,0.03618524934602836,0.03618524934602836,0.03618524934602836,0.14474099738411345,0.14474099738411345,0.14474099738411345,0.14474099738411345,0.6622864571159227,0.6622864571159227,0.6622864571159227,0.0,0.0,0.0,0.0,0.0,0.0,0.0,0.0,0.6622864571159227,0.5494607985019684,0.5494607985019684,0.5494607985019684,0.5494607985019684,0.9157679975032806,0.9157679975032806,0.9157679975032806,0.9157679975032806,0.11282565861395435,0.11282565861395435,0.11282565861395435,0.11282565861395435,0.4513026344558174,0.4513026344558174,0.4513026344558174,0.4513026344558174,0.07599319582050013,0.07599319582050013,0.07599319582050013,0.07599319582050013,5.0,5.0,5.0,5.0,25.0,1651011391.858643,0.0,1.0,3.7904820442199707,3.7904820442199707,3.7904820442199707,3.7904820442199707,59.87519836425781,128.0,5.0,5.0,5.0,5.0,25.0,1651011391.858643,0.0,1.0,0.07623361796140671,0.07623361796140671,0.07623361796140671,0.07623361796140671,0.0,128.0,6.963197856048982,6.5298754489049315,10.587770538404584,0.00016666666666666666,5.0,5.0,5.0,5.0,5.0,5.0,5.0,5.0,5.0,5.0,5.0,5.0,0.022854717921092005,0.022854717921092005,0.022854717921092005,0.022854717921092005,4.815170168876648,4.815170168876648,4.815170168876648,4.815170168876648,0.0,0.45753249526023865,114.76999521255493,2.802999973297119,1.0047005414962769,0.0,0.0,0.0,0.0,1.0044347047805786,4.578839987516403,4.578839987516403,0.45753249526023865,-0.027000000700354576,0.10408560186624527,0.10408560186624527,0.10408560186624527,0.10408560186624527,760.0,114.76999521255493,114.76999521255493,114.76999521255493,114.76999521255493,2.802999973297119,0.6622864571159227,0.6622864571159227,0.6622864571159227,0.0,0.0,0.0,0.0,0.0,0.0,0.0,0.0,0.6622864571159227,0.5494607985019684,0.5494607985019684,0.5494607985019684,0.5494607985019684,0.9157679975032806,0.9157679975032806,0.9157679975032806,0.9157679975032806,0.11282565861395435,0.11282565861395435,0.11282565861395435,0.11282565861395435,0.4513026344558174,0.4513026344558174,0.4513026344558174,0.4513026344558174,0.49004969000816345,4.578839987516403,4.578839987516403,4.578839987516403,4.578839987516403,4.578839987516403,7.613044964203325,7.10954109672457,10.863275569863617,gap-constrained-all-hard_50ms_300k_shield
150.0,25.0,0.0,0.001363937351662125,0.0,0.0,1.0,150.0,0.055834958950678505,150.0,25.0,0.0,6.567333459854126,5.968206624190013,5.751985125243664,7.356439717113972,5.968206624190013,55.947500467300415,53.11650037765503,66.37674868106842,55.947500467300415,7.328999916712443,7.404333194096883,17.58391836968561,17.626360058784485,33.780017495155334,17.58391836968561,56.146666407585144,53.74299883842468,61.8120014667511,56.146666407585144,6.346666653951009,9.187488382061323,9.374655038118362,11.596019938588142,9.187488382061323,86.84000174204509,53.85700166225433,203.6180078983307,86.84000174204509,210.0,14.777485784586696,14.267250429838896,20.863671775441617,generated-046,6.0,0.0005833333333333334,0.00818362410997275,51.66500210762024,0.3021941444856952,0.2930772145021382,0.37423745835005007,0.3021941444856952,0.0,0.0,0.0,0.0,0.8333333333333334,1.0,1.0,0.8333333333333334,0.16666666666666666,0.0,0.75,0.16666666666666666,0.010366007564113511,0.004517207759438507,0.038240645491413774,0.010366007564113511,0.6666666666666666,1.0,1.0,0.3021941444856952,0.2930772145021382,0.37423745835005007,0.3021941444856952,0.6666666666666666,150.0,0.001363937351662125,0.0012997158041030753,0.014349302249760469,0.001363937351662125,0.25736619418109147,0.2672336791522588,0.27357622417247307,0.0,0.0,0.0,0.0,0.0,0.0,0.0,0.0,0.25736619418109147,0.02387282649676005,0.023007940500974655,0.029425758868455887,0.02387282649676005,0.03978804416126675,0.03834656750162442,0.049042931447426476,0.03978804416126675,0.23349336768433138,0.2431797784371228,0.2467499431776252,0.23349336768433138,0.9339734707373255,0.9727191137484912,0.9869997727105008,0.9339734707373255,0.3003150486418103,0.2930772145021382,0.37423745835005007,0.006825755453772015,0.005782599871357282,0.015308933022121588,0.006825755453772015,0.001023863318065802,0.0008673899807035922,0.0022963399533182383,0.001023863318065802,0.3003150486418103,0.07033567347874244,0.07050544023513794,0.13512006998062132,0.07033567347874244,0.11722612246457075,0.11750906705856323,0.2252001166343689,0.11722612246457075,0.23100323848113366,0.24033369184093692,0.24243602234523895,0.23100323848113366,0.9240129539245346,0.9613347673637477,0.9697440893809558,0.9240129539245346,0.24625678760963154,0.28023951618991255,0.2840653141917831,7.495555554568353e-05,7.503333229882023e-05,7.535000137674312e-05,7.495555554568353e-05,1.124333333185253e-05,1.1254999844823032e-05,1.1302500206511468e-05,1.124333333185253e-05,0.24625678760963154,0.03674995352824529,0.03749862015247345,0.04638407975435257,0.03674995352824529,0.06124992254707548,0.06249770025412242,0.07730679959058762,0.06124992254707548,0.20951807741471806,0.23988508407035347,0.2457899284034892,0.20951807741471806,0.8380723096588722,0.9595403362814139,0.9831597136139568,0.8380723096588722,0.29182813692158166,0.29242671683285265,0.3359968128586363,0.08086735589636697,0.07201063384612402,0.1319049323598544,0.08086735589636697,0.012130103384455046,0.010801595076918602,0.019785739853978156,0.012130103384455046,0.29182813692158166,0.0903728927175204,0.09131837785243987,0.1495821088552475,0.0903728927175204,0.15062148786253401,0.15219729642073315,0.24930351475874585,0.15062148786253401,0.2135853475885164,0.21190993405733138,0.223545315711923,0.2135853475885164,0.8543413903540656,0.8476397362293255,0.894181262847692,0.8543413903540656,0.010366007564113511,0.004517207759438507,0.038240645491413774,0.010366007564113511,150.0,150.0,150.0,150.0,25.0,1651030374.7785575,0.0,3.5,12.231056213378906,12.576214790344238,17.16075038909912,12.231056213378906,2.82261327902476,128.0,150.0,150.0,150.0,150.0,25.0,1651030374.7785575,0.0,3.5,0.30517622580130893,0.3179618865251541,0.3687697723507881,0.30517622580130893,0.005226666806265712,128.0,7.15046305253747,6.301702000200748,12.585493701044463,0.0005833333333333334,150.0,150.0,150.0,150.0,150.0,150.0,150.0,150.0,150.0,150.0,150.0,150.0,0.001363937351662125,0.0012997158041030753,0.014349302249760469,0.001363937351662125,104.02929435173671,133.7007701396942,149.83748197555542,104.02929435173671,12.130103384455046,0.8453215758005778,60.52833298842112,2.969166725873947,1.0736276110013325,12.130103384455046,10.801595076918602,19.785739853978157,12.130103384455046,1.0736276110013325,22.5932231793801,22.5932231793801,0.8453215758005778,0.11533333314582705,-0.11465858332424735,-0.0025782999582588673,0.06774479863815941,-0.11465858332424735,849.3333333333334,60.52833298842112,60.951998829841614,62.64650076627731,60.52833298842112,2.969166725873947,0.29182813692158166,0.29242671683285265,0.3359968128586363,0.08086735589636697,0.07201063384612402,0.1319049323598544,0.08086735589636697,0.012130103384455046,0.010801595076918602,0.019785739853978156,0.012130103384455046,0.29182813692158166,0.0903728927175204,0.09131837785243987,0.1495821088552475,0.0903728927175204,0.15062148786253401,0.15219729642073315,0.24930351475874585,0.15062148786253401,0.2135853475885164,0.21190993405733138,0.223545315711923,0.2135853475885164,0.8543413903540656,0.8476397362293255,0.894181262847692,0.8543413903540656,0.2712993671496709,22.5932231793801,22.5932231793801,22.82959446310997,37.395527213811874,22.5932231793801,7.62195182919857,7.200712105259299,10.527620161883531,gap-constrained-all-hard_50ms_300k_shield
5.0,25.0,0.0,0.0,0.0,0.0,0.0,5.0,0.0,5.0,25.0,0.0,0.0,0.0,0.0,0.0,0.0,0.0,0.0,0.0,0.0,,0.0,0.0,0.0,0.0,0.0,0.0,0.0,0.0,0.0,0.0,0.0,0.0,0.0,0.0,0.0,0.0,0.0,0.0,580.0,14.384107945631419,13.554902514442801,21.689489856362343,generated-047,1.0,,0.0,51.573002338409424,0.0,0.0,0.0,0.0,0.0,0.0,0.0,0.0,0.0,0.0,0.0,0.0,0.0,0.0,0.0,0.0,0.0,0.0,0.0,0.0,0.0,0.0,0.0,0.0,0.0,0.0,0.0,0.0,5.0,0.0,0.0,0.0,0.0,0.0,0.0,0.0,0.0,0.0,0.0,0.0,0.0,0.0,0.0,0.0,0.0,0.0,0.0,0.0,0.0,0.0,0.0,0.0,0.0,0.0,0.0,0.0,0.0,0.0,0.0,0.0,0.0,0.0,0.0,0.0,0.0,0.0,0.0,0.0,0.0,0.0,0.0,0.0,0.0,0.0,0.0,0.0,0.0,0.0,0.0,0.0,0.0,0.0,0.0,0.0,0.0,0.0,0.0,0.0,0.0,0.0,0.0,0.0,0.0,0.0,0.0,0.0,0.0,0.0,0.0,0.0,0.0,0.0,0.0,0.0,0.0,0.0,0.0,0.0,0.0,0.0,0.0,0.0,0.0,0.0,0.0,0.0,0.0,0.0,0.0,0.0,0.0,0.0,0.0,0.0,0.0,0.0,0.0,0.0,0.0,0.0,0.0,0.0,0.0,0.0,0.0,0.0,0.0,0.0,0.0,0.0,0.0,0.0,0.0,0.0,0.0,0.0,0.0,0.0,0.0,0.0,0.0,0.0,0.0,0.0,-1.0,0.0,-1.0,0.0,0.0,0.0,0.0,0.0,0.0,0.0,0.0,0.0,0.0,0.0,-1.0,0.0,-1.0,0.0,0.0,0.0,0.0,0.0,0.0,7.273595080036541,6.451913039200008,13.001801911741495,,0.0,5.0,5.0,5.0,5.0,5.0,5.0,5.0,5.0,5.0,5.0,5.0,0.0,0.0,0.0,0.0,,,,,,,,,,,,,,,,,,,,,,,,,,,,,0.0,0.0,0.0,0.0,0.0,0.0,0.0,0.0,0.0,0.0,0.0,0.0,0.0,0.0,0.0,0.0,0.0,0.0,0.0,0.0,0.0,0.0,0.0,0.0,0.0,0.0,0.0,0.0,,,,,,,7.106169011716827,6.929027033038437,10.244660370517519,gap-constrained-all-hard_50ms_300k_shield
128.0611266548415,25.0,0.0,0.08812603724199085,0.0,0.0,0.8549082158615746,128.0611266548415,0.06353520782315636,128.0611266548415,25.0,0.0,9.8359223029528,110.85374445925315,138.33731412887573,143.2835602760315,110.85374445925315,86.00658584400952,59.077998995780945,332.11145520210266,86.00658584400952,9.485209170565662,7.337613569312836,31.90432973818267,30.35702556371689,68.73948097229004,31.90432973818267,79.296489944496,53.49950194358826,293.1197881698608,79.296489944496,7.12564544278787,27.799168016865433,27.178855240345,48.551909774541855,27.799168016865433,78.083027905202,53.28400135040283,269.68690037727356,78.083027905202,2466.0,14.75314060430022,14.210746856406331,20.593807683326304,generated-048,502.0,0.041749999999999995,44.239270695479405,52.368998527526855,0.6800147057925954,0.7695084315590739,0.8165263445742922,0.680014705792595,0.8187250996015937,1.0,1.0,0.8187250996015937,0.10756972111553785,0.0,1.0,0.10756972111553785,0.07171314741035857,0.0,1.0,0.07171314741035857,0.11894189643118397,0.11225655768896992,0.3640269638395197,0.11894189643118391,0.8446215139442231,1.0,1.0,0.6800147057925954,0.7695084315590739,0.8165263445742922,0.680014705792595,0.8446215139442231,128.0611266548415,0.0881260372419909,0.07633066557694171,0.28947213231983776,0.08812603724199085,0.6597987974514379,0.7662044363573619,0.8108816727921373,0.1406025325198906,0.030313032368818917,1.0,0.14060253251989055,0.021090379877983588,0.0045469548553228375,0.15,0.021090379877983557,0.6597987974514375,0.4778640127794091,0.5643215417861938,0.6,0.47786401277940876,0.7964400212990153,0.9405359029769897,1.0,0.7964400212990155,0.20302516455001238,0.22145027121854965,0.24999093539037417,0.2030251645500125,0.8121006582000495,0.8858010848741986,0.9999637415614967,0.81210065820005,0.41663548671016637,0.373116008576742,0.7263209393057263,0.007136452619165173,0.0,0.01917072379340728,0.00713645261916517,0.0010704678928747757,0.0,0.0028756085690110926,0.001070467892874776,0.41663548671016665,0.19910256388361428,0.13141021728515623,0.6,0.19910256388361397,0.3318376064726904,0.21901702880859375,1.0,0.33183760647269034,0.2186033907194269,0.24471036787408662,0.25,0.218603390719427,0.8744135628777076,0.9788414714963465,1.0,0.874413562877708,0.40391823219410466,0.3709741783667245,0.7229829887210412,0.00579440217857235,0.0,0.007238470235218604,0.005794402178572349,0.0008691603267858525,0.0,0.0010857705352827905,0.0008691603267858522,0.40391823219410455,0.18569141447638585,0.1246924579143524,0.6,0.18569141447638565,0.3094856907939765,0.20782076319058734,1.0,0.3094856907939763,0.21909597804450465,0.24567698476882366,0.25,0.21909597804450479,0.8763839121780186,0.9827079390752946,1.0,0.8763839121780191,0.5610728093614114,0.5580883140361383,0.7856007792179428,0.1553508852317708,0.03767850001653035,1.0,0.15535088523177074,0.023302632784765614,0.0056517750024795525,0.15,0.023302632784765624,0.5610728093614111,0.37898953336901064,0.36875123977661134,0.6,0.3789895333690104,0.6316492222816844,0.6145853996276855,1.0,0.6316492222816843,0.20538590877716642,0.2244783243360778,0.25,0.20538590877716656,0.8215436351086657,0.8979132973443112,1.0,0.8215436351086662,0.11894189643118397,0.11225655768896992,0.3640269638395197,0.11894189643118391,127.76232187396502,150.0,150.0,127.76232187396502,24.95019920318725,1647814786.4149754,0.0,250.4980079681275,64.20331912686625,71.34852600097656,86.9905158996582,64.20331912686625,33.827031741738764,127.74501992031873,127.76232187396502,150.0,150.0,127.76232187396502,24.95019920318725,1647814786.4149754,0.0,250.4980079681275,0.9648571236437535,1.052032709121704,1.1851179957389832,0.9648571236437535,0.01657572642258142,127.74501992031873,7.367196470474113,6.947296089492738,11.292658979073167,0.041749999999999995,150.0,128.0611266548415,150.0,150.0,150.0,150.0,128.0611266548415,150.0,150.0,128.0611266548415,150.0,150.0,0.0881260372419909,0.07633066557694171,0.28947213231983776,0.08812603724199085,91.70306154760529,106.53023719787598,144.3955284357071,91.70306154760529,11.461197748066336,0.8022529765132413,81.99363559840685,3.8678386499400275,1.0013638833367018,11.461197748066336,4.105190001428127,42.66166925430297,11.461197748066336,1.0018227365149919,109.92075449738844,109.92075449738844,0.8022529765132413,0.011376493939975892,6.540319865019514,7.5117199420928955,19.914128017425536,6.540319865019514,504.22908366533864,81.99363559840685,58.323001861572266,277.99835562705994,81.99363559840685,3.8678386499400275,0.5610728093614114,0.5580883140361383,0.7856007792179428,0.1553508852317708,0.03767850001653035,1.0,0.15535088523177074,0.023302632784765614,0.0056517750024795525,0.15,0.023302632784765624,0.5610728093614111,0.37898953336901064,0.36875123977661134,0.6,0.3789895333690104,0.6316492222816844,0.6145853996276855,1.0,0.6316492222816843,0.20538590877716642,0.2244783243360778,0.25,0.20538590877716656,0.8215436351086657,0.8979132973443112,1.0,0.8215436351086662,0.5175704122242699,83.81080983347627,83.81080983347627,81.46050274372101,137.59560823440552,83.81080983347627,7.380651786699831,6.941658561117947,11.265123379416764,gap-constrained-all-hard_50ms_300k_shield
5.0,25.0,0.0,0.0,0.0,0.0,0.0,5.0,0.0,5.0,25.0,0.0,0.0,0.0,0.0,0.0,0.0,0.0,0.0,0.0,0.0,,0.0,0.0,0.0,0.0,0.0,0.0,0.0,0.0,0.0,0.0,0.0,0.0,0.0,0.0,0.0,0.0,0.0,0.0,678.0,13.414985675070776,12.809581006877124,17.862248653545972,generated-049,1.0,,0.0,51.47600173950195,0.0,0.0,0.0,0.0,0.0,0.0,0.0,0.0,0.0,0.0,0.0,0.0,0.0,0.0,0.0,0.0,0.0,0.0,0.0,0.0,0.0,0.0,0.0,0.0,0.0,0.0,0.0,0.0,5.0,0.0,0.0,0.0,0.0,0.0,0.0,0.0,0.0,0.0,0.0,0.0,0.0,0.0,0.0,0.0,0.0,0.0,0.0,0.0,0.0,0.0,0.0,0.0,0.0,0.0,0.0,0.0,0.0,0.0,0.0,0.0,0.0,0.0,0.0,0.0,0.0,0.0,0.0,0.0,0.0,0.0,0.0,0.0,0.0,0.0,0.0,0.0,0.0,0.0,0.0,0.0,0.0,0.0,0.0,0.0,0.0,0.0,0.0,0.0,0.0,0.0,0.0,0.0,0.0,0.0,0.0,0.0,0.0,0.0,0.0,0.0,0.0,0.0,0.0,0.0,0.0,0.0,0.0,0.0,0.0,0.0,0.0,0.0,0.0,0.0,0.0,0.0,0.0,0.0,0.0,0.0,0.0,0.0,0.0,0.0,0.0,0.0,0.0,0.0,0.0,0.0,0.0,0.0,0.0,0.0,0.0,0.0,0.0,0.0,0.0,0.0,0.0,0.0,0.0,0.0,0.0,0.0,0.0,0.0,0.0,0.0,0.0,0.0,0.0,0.0,-1.0,0.0,-1.0,0.0,0.0,0.0,0.0,0.0,0.0,0.0,0.0,0.0,0.0,0.0,-1.0,0.0,-1.0,0.0,0.0,0.0,0.0,0.0,0.0,6.5701506296337575,6.143911858089268,9.905025805346668,,0.0,5.0,5.0,5.0,5.0,5.0,5.0,5.0,5.0,5.0,5.0,5.0,0.0,0.0,0.0,0.0,,,,,,,,,,,,,,,,,,,,,,,,,,,,,0.0,0.0,0.0,0.0,0.0,0.0,0.0,0.0,0.0,0.0,0.0,0.0,0.0,0.0,0.0,0.0,0.0,0.0,0.0,0.0,0.0,0.0,0.0,0.0,0.0,0.0,0.0,0.0,,,,,,,6.840739255306754,6.205591955222189,9.723249962553382,gap-constrained-all-hard_50ms_300k_shield
128.80364973284702,25.0,0.0,0.07154787723464678,0.0,0.0,0.8629930153233847,128.80364973284702,0.054957152673340455,128.80364973284702,25.0,0.0,9.825004262127765,109.23276553030188,134.86547470092773,143.04867506027222,109.23276553030188,86.42311558223128,59.56199765205383,344.6255040168761,86.42311558223128,9.505256932603725,7.470353323591342,36.24638694894901,32.43497908115387,83.08705031871796,36.24638694894901,79.48337254738655,54.26099896430969,296.4496970176697,79.48337254738655,7.110713078582568,27.129650888146884,27.443549036979675,42.77278929948807,27.129650888146884,79.54679428892932,53.86300086975098,309.97279405593866,79.54679428892932,2280.0,16.079606630700525,15.013459953479469,24.643538950476785,generated-050,467.0,0.03883333333333333,33.41285866858005,52.428001165390015,0.6752606985859121,0.7590565515909765,0.8072842813075519,0.6752606985859121,0.8094218415417559,1.0,1.0,0.8094218415417559,0.10706638115631692,0.0,1.0,0.10706638115631692,0.08137044967880086,0.0,1.0,0.08137044967880086,0.0931349337957415,0.10750075331184727,0.2658127296338782,0.09313493379574155,0.8436830835117773,1.0,1.0,0.6752606985859121,0.7590565515909765,0.8072842813075519,0.6752606985859121,0.8436830835117773,128.80364973284702,0.07154787723464681,0.07597521485139501,0.2034669382653132,0.07154787723464678,0.6518580709968314,0.753579850696577,0.8024610039307722,0.14537137336870362,0.03169026722510656,1.0,0.14537137336870368,0.021805706005305545,0.004753540083765983,0.15,0.021805706005305566,0.6518580709968314,0.47288298348956453,0.5597769737243652,0.6,0.4728829834895645,0.7881383058159409,0.932961622873942,1.0,0.7881383058159409,0.20078079351257228,0.22005642537235393,0.2494770517429022,0.20078079351257236,0.8031231740502891,0.8802257014894157,0.9979082069716088,0.8031231740502894,0.42730591551241126,0.37871433621214673,0.7056641751866024,0.007361191493159896,0.0,0.021089959144592284,0.0073611914931599,0.0011041787239739844,0.0,0.0031634938716888425,0.0011041787239739849,0.4273059155124115,0.21222949974803912,0.13714779615402223,0.6,0.21222949974803915,0.3537158329133985,0.2285796602567037,1.0,0.3537158329133985,0.21618059448834612,0.24154580258113598,0.24914509936044388,0.21618059448834612,0.8647223779533845,0.9661832103245439,0.9965803974417755,0.8647223779533845,0.39712412651805845,0.3621303301503651,0.7159886584907513,0.0031657886925723325,0.0,0.009014220163226127,0.0031657886925723334,0.0004748683038858499,0.0,0.0013521330244839192,0.00047486830388584995,0.3971241265180587,0.17947026537385088,0.11903419494628906,0.6,0.17947026537385072,0.2991171089564182,0.19839032491048178,1.0,0.29911710895641813,0.21812872944809342,0.24331249879670952,0.24945378340350147,0.21812872944809344,0.8725149177923737,0.9732499951868381,0.9978151336140059,0.8725149177923738,0.5821257647901705,0.5985738434732206,0.7355846795723207,0.14588164587121974,0.04439173142115275,0.9048024842443665,0.1458816458712198,0.021882246880682958,0.006658759713172912,0.13572037263665496,0.02188224688068298,0.5821257647901702,0.3981169730148296,0.4028883934020996,0.6,0.3981169730148293,0.6635282883580494,0.671480655670166,1.0,0.6635282883580499,0.20589103865602384,0.2278448121960436,0.25,0.20589103865602376,0.8235641546240954,0.9113792487841744,1.0,0.823564154624095,0.0931349337957415,0.10750075331184727,0.2658127296338782,0.09313493379574155,128.4824505893781,150.0,150.0,128.4824505893781,24.946466809421842,1647680585.3490307,0.0,232.99785867237688,73.73240975904771,81.17028045654297,89.15476760864257,73.73240975904771,36.18039003375128,127.72591006423983,128.4824505893781,150.0,150.0,128.4824505893781,24.946466809421842,1647680585.3490307,0.0,232.99785867237688,1.0392530427755073,1.1254312992095947,1.2040494441986085,1.0392530427755073,0.015705954898208602,127.72591006423983,7.870027693213176,7.129192934371531,13.023157836869352,0.03883333333333333,150.0,128.80364973284702,150.0,150.0,150.0,150.0,128.80364973284702,150.0,150.0,128.80364973284702,150.0,150.0,0.07154787723464681,0.07597521485139501,0.2034669382653132,0.07154787723464678,89.39543353908195,102.66141891479492,144.03586506843567,89.39543353908195,9.515762379208294,0.8035042105956558,81.66752437197422,3.325959321461933,1.0002205730505622,9.515762379208294,4.8355501145124435,31.245777308940884,9.515762379208294,1.001264023704243,112.32970847929698,112.32970847929698,0.8035042105956558,-0.004211991314169984,8.336235675809588,8.438583374023438,18.340839385986328,8.336235675809588,501.63169164882225,81.66752437197422,57.51199722290039,263.52929115295404,81.66752437197422,3.325959321461933,0.5821257647901705,0.5985738434732206,0.7355846795723207,0.14588164587121974,0.04439173142115275,0.9048024842443665,0.1458816458712198,0.021882246880682958,0.006658759713172912,0.13572037263665496,0.02188224688068298,0.5821257647901702,0.3981169730148296,0.4028883934020996,0.6,0.3981169730148293,0.6635282883580494,0.671480655670166,1.0,0.6635282883580499,0.20589103865602384,0.2278448121960436,0.25,0.20589103865602376,0.8235641546240954,0.9113792487841744,1.0,0.823564154624095,0.5602215262054121,90.18816961338484,90.18816961338484,94.65287923812866,125.7861053943634,90.18816961338484,8.204606709911962,7.509875460527837,13.5962757398374,gap-constrained-all-hard_50ms_300k_shield
5.0,25.0,0.0,0.0,0.0,0.0,0.0,5.0,0.0,5.0,25.0,0.0,0.0,0.0,0.0,0.0,0.0,0.0,0.0,0.0,0.0,,0.0,0.0,0.0,0.0,0.0,0.0,0.0,0.0,0.0,0.0,0.0,0.0,0.0,0.0,0.0,0.0,0.0,0.0,1441.0,12.071634661522614,11.399005074054003,16.358229098841548,generated-051,1.0,,0.0,51.40500068664551,0.0,0.0,0.0,0.0,0.0,0.0,0.0,0.0,0.0,0.0,0.0,0.0,0.0,0.0,0.0,0.0,0.0,0.0,0.0,0.0,0.0,0.0,0.0,0.0,0.0,0.0,0.0,0.0,5.0,0.0,0.0,0.0,0.0,0.0,0.0,0.0,0.0,0.0,0.0,0.0,0.0,0.0,0.0,0.0,0.0,0.0,0.0,0.0,0.0,0.0,0.0,0.0,0.0,0.0,0.0,0.0,0.0,0.0,0.0,0.0,0.0,0.0,0.0,0.0,0.0,0.0,0.0,0.0,0.0,0.0,0.0,0.0,0.0,0.0,0.0,0.0,0.0,0.0,0.0,0.0,0.0,0.0,0.0,0.0,0.0,0.0,0.0,0.0,0.0,0.0,0.0,0.0,0.0,0.0,0.0,0.0,0.0,0.0,0.0,0.0,0.0,0.0,0.0,0.0,0.0,0.0,0.0,0.0,0.0,0.0,0.0,0.0,0.0,0.0,0.0,0.0,0.0,0.0,0.0,0.0,0.0,0.0,0.0,0.0,0.0,0.0,0.0,0.0,0.0,0.0,0.0,0.0,0.0,0.0,0.0,0.0,0.0,0.0,0.0,0.0,0.0,0.0,0.0,0.0,0.0,0.0,0.0,0.0,0.0,0.0,0.0,0.0,0.0,0.0,-1.0,0.0,-1.0,0.0,0.0,0.0,0.0,0.0,0.0,0.0,0.0,0.0,0.0,0.0,-1.0,0.0,-1.0,0.0,0.0,0.0,0.0,0.0,0.0,5.851939145577742,5.571645917370915,8.20429204031825,,0.0,5.0,5.0,5.0,5.0,5.0,5.0,5.0,5.0,5.0,5.0,5.0,0.0,0.0,0.0,0.0,,,,,,,,,,,,,,,,,,,,,,,,,,,,,0.0,0.0,0.0,0.0,0.0,0.0,0.0,0.0,0.0,0.0,0.0,0.0,0.0,0.0,0.0,0.0,0.0,0.0,0.0,0.0,0.0,0.0,0.0,0.0,0.0,0.0,0.0,0.0,,,,,,,6.215206734379811,5.605063866823912,9.354219073429704,gap-constrained-all-hard_50ms_300k_shield
126.12834755615269,25.0,0.0,0.0812291723228967,0.0,0.0,0.846178503865752,126.12834755615269,0.06209070708251855,126.12834755615269,25.0,0.0,9.73606949109133,104.04582692001165,123.1022834777832,142.9777354001999,104.04582692001165,86.27155592890598,59.54349935054779,314.44974541664124,86.27155592890598,9.391040337994495,7.346374452915962,32.17989920717852,30.843110382556915,61.31976693868637,32.17989920717852,80.86412329844829,53.97050082683563,301.6324996948242,80.86412329844829,7.116033640677619,27.205027978148962,26.45246982574463,45.35527974367142,27.205027978148962,81.21931163986702,53.870999813079834,275.2639949321747,81.21931163986702,2655.0,14.741728312849801,13.828492956236005,22.563953069038664,generated-052,446.0,0.037083333333333336,36.22821085601193,51.54200196266174,0.6536034275990394,0.7421315183467032,0.8076752085952256,0.6536034275990389,0.7668161434977578,1.0,1.0,0.7668161434977578,0.13452914798206278,0.0,1.0,0.13452914798206278,0.09641255605381166,0.0,1.0,0.09641255605381166,0.10144785408067539,0.11354029689821557,0.31093966238271886,0.10144785408067539,0.7645739910313901,1.0,1.0,0.6536034275990394,0.7421315183467032,0.8076752085952256,0.6536034275990389,0.7645739910313901,126.12834755615269,0.0812291723228967,0.07932757714060511,0.24322898704370347,0.0812291723228967,0.6249946310793778,0.6901598563229809,0.8042033574824432,0.15869176424981263,0.0311149333914121,1.0,0.15869176424981257,0.023803764637471886,0.004667240008711816,0.15,0.023803764637471924,0.6249946310793778,0.45221004987469593,0.5634553670883178,0.6,0.4522100498746956,0.7536834164578268,0.9390922784805298,1.0,0.7536834164578274,0.19658834584215368,0.21631765976480496,0.2454054099079795,0.19658834584215373,0.7863533833686147,0.8652706390592199,0.981621639631918,0.7863533833686149,0.4160845398241981,0.3725057601085735,0.7412927766145283,0.0030228656288600296,0.0,0.006381716579198837,0.00302286562886003,0.00045342984432900443,0.0,0.0009572574868798255,0.00045342984432900454,0.4160845398241981,0.20481748866884664,0.13144553899765016,0.6,0.20481748866884641,0.34136248111474443,0.21907589832941693,1.0,0.3413624811147445,0.2117204809996805,0.23873752921769129,0.24577517725154097,0.21172048099968044,0.846881923998722,0.9549501168707651,0.9831007090061639,0.8468819239987218,0.3993832452355009,0.3568200320092392,0.7233687459377641,0.0038362319737696277,0.0,0.004507866688072681,0.0038362319737696264,0.000575434796065444,0.0,0.0006761800032109022,0.0005754347960654436,0.39938324523550095,0.18813530604772774,0.11851760149002075,0.6,0.18813530604772788,0.31355884341287954,0.19752933581670123,1.0,0.3135588434128792,0.21182337398383863,0.23913629638646722,0.2457083995071273,0.21182337398383877,0.8472934959353545,0.9565451855458689,0.9828335980285092,0.8472934959353551,0.5521555735183641,0.5497369065443054,0.717124469589756,0.2011065241859732,0.07040076702833176,1.0,0.20110652418597336,0.030165978627895974,0.010560115054249763,0.15,0.030165978627895985,0.552155573518364,0.3838652609555673,0.36868978738784786,0.6,0.3838652609555668,0.6397754349259455,0.6144829789797465,1.0,0.6397754349259456,0.19845629119069283,0.2196024640289859,0.24722638775844794,0.19845629119069286,0.7938251647627713,0.8784098561159436,0.9889055510337917,0.7938251647627714,0.10144785408067539,0.11354029689821557,0.31093966238271886,0.10144785408067539,125.79202468619754,150.0,150.0,125.79202468619754,24.943946188340806,1647644701.070505,0.0,222.49775784753362,76.44740130334692,82.81801986694336,85.9748592376709,76.44740130334692,39.66734229891891,127.71300448430493,125.79202468619754,150.0,150.0,125.79202468619754,24.943946188340806,1647644701.070505,0.0,222.49775784753362,1.0673524235195644,1.1396981477737427,1.1823188066482544,1.0673524235195644,0.014912854659792888,127.71300448430493,7.064710889036176,6.376040866598487,11.712722457014024,0.037083333333333336,150.0,126.12834755615269,150.0,150.0,150.0,150.0,126.12834755615269,150.0,150.0,126.12834755615269,150.0,150.0,0.0812291723228967,0.07932757714060511,0.24322898704370347,0.0812291723228967,89.56433711907589,97.39052951335907,146.25943303108215,89.56433711907589,14.602109303693636,0.7873635990670443,87.69822865056351,3.195511201299485,1.000510687518013,14.602109303693636,5.995695106685162,46.124716848134995,14.602109303693636,1.001105142013909,113.8752018907546,113.8752018907546,0.7873635990670443,0.009522421545747901,4.89204714832325,8.084070682525635,18.398410320281982,4.89204714832325,512.4529147982063,87.69822865056351,58.676502108573914,315.241003036499,87.69822865056351,3.195511201299485,0.5521555735183641,0.5497369065443054,0.717124469589756,0.2011065241859732,0.07040076702833176,1.0,0.20110652418597336,0.030165978627895974,0.010560115054249763,0.15,0.030165978627895985,0.552155573518364,0.3838652609555673,0.36868978738784786,0.6,0.3838652609555668,0.6397754349259455,0.6144829789797465,1.0,0.6397754349259456,0.19845629119069283,0.2196024640289859,0.24722638775844794,0.19845629119069286,0.7938251647627713,0.8784098561159436,0.9889055510337917,0.7938251647627714,0.509129515176664,85.70589078882617,85.70589078882617,86.66853606700897,124.91546869277954,85.70589078882617,7.672151703941732,6.9802680518478155,12.248413846828043,gap-constrained-all-hard_50ms_300k_shield
5.0,25.0,0.0,0.0,0.0,0.0,0.0,5.0,0.0,5.0,25.0,0.0,0.0,0.0,0.0,0.0,0.0,0.0,0.0,0.0,0.0,,0.0,0.0,0.0,0.0,0.0,0.0,0.0,0.0,0.0,0.0,0.0,0.0,0.0,0.0,0.0,0.0,0.0,0.0,560.0,13.56249351644822,12.895335559733212,19.082916073966764,generated-053,1.0,,0.0,51.73799991607666,0.0,0.0,0.0,0.0,0.0,0.0,0.0,0.0,0.0,0.0,0.0,0.0,0.0,0.0,0.0,0.0,0.0,0.0,0.0,0.0,0.0,0.0,0.0,0.0,0.0,0.0,0.0,0.0,5.0,0.0,0.0,0.0,0.0,0.0,0.0,0.0,0.0,0.0,0.0,0.0,0.0,0.0,0.0,0.0,0.0,0.0,0.0,0.0,0.0,0.0,0.0,0.0,0.0,0.0,0.0,0.0,0.0,0.0,0.0,0.0,0.0,0.0,0.0,0.0,0.0,0.0,0.0,0.0,0.0,0.0,0.0,0.0,0.0,0.0,0.0,0.0,0.0,0.0,0.0,0.0,0.0,0.0,0.0,0.0,0.0,0.0,0.0,0.0,0.0,0.0,0.0,0.0,0.0,0.0,0.0,0.0,0.0,0.0,0.0,0.0,0.0,0.0,0.0,0.0,0.0,0.0,0.0,0.0,0.0,0.0,0.0,0.0,0.0,0.0,0.0,0.0,0.0,0.0,0.0,0.0,0.0,0.0,0.0,0.0,0.0,0.0,0.0,0.0,0.0,0.0,0.0,0.0,0.0,0.0,0.0,0.0,0.0,0.0,0.0,0.0,0.0,0.0,0.0,0.0,0.0,0.0,0.0,0.0,0.0,0.0,0.0,0.0,0.0,0.0,-1.0,0.0,-1.0,0.0,0.0,0.0,0.0,0.0,0.0,0.0,0.0,0.0,0.0,0.0,-1.0,0.0,-1.0,0.0,0.0,0.0,0.0,0.0,0.0,6.858505544369109,6.438015610910952,10.691262874752278,,0.0,5.0,5.0,5.0,5.0,5.0,5.0,5.0,5.0,5.0,5.0,5.0,0.0,0.0,0.0,0.0,,,,,,,,,,,,,,,,,,,,,,,,,,,,,0.0,0.0,0.0,0.0,0.0,0.0,0.0,0.0,0.0,0.0,0.0,0.0,0.0,0.0,0.0,0.0,0.0,0.0,0.0,0.0,0.0,0.0,0.0,0.0,0.0,0.0,0.0,0.0,,,,,,,6.699457582934493,6.189798936247826,9.839954203926023,gap-constrained-all-hard_50ms_300k_shield
126.13268010187808,25.0,0.0,0.1359702649985425,0.0,0.0,0.8461726145552737,126.13268010187808,0.06392767583341917,126.13268010187808,25.0,0.0,9.817940082418204,109.9927387221755,137.1240258216858,142.76934206485748,109.9927387221755,88.72553439733619,60.06399989128113,332.4459946155545,88.72553439733619,9.472191229393955,7.3045460881176085,32.02246940793461,29.825495183467865,79.061399102211,32.02246940793461,81.18109214141072,54.1700005531311,299.4378995895385,81.18109214141072,7.182476973204019,27.85439209900968,28.02249938249588,44.11315128207205,27.85439209900968,79.93262201410285,54.21200096607208,273.69180083274836,79.93262201410285,2441.0,14.61701014209638,13.737502973526716,21.859189961105585,generated-054,434.0,0.03608333333333333,59.01109500936745,51.5749990940094,0.6825800424395282,0.7640527255575141,0.8085168057558977,0.6825800424395284,0.7764976958525346,1.0,1.0,0.7764976958525346,0.14516129032258066,0.0,1.0,0.14516129032258066,0.07603686635944701,0.0,1.0,0.07603686635944701,0.1840745951803623,0.17754937252450537,0.3668144288100487,0.18407459518036215,0.9216589861751152,1.0,1.0,0.6825800424395282,0.7640527255575141,0.8085168057558977,0.6825800424395284,0.9216589861751152,126.13268010187808,0.1359702649985424,0.12409711630335654,0.28663085175111386,0.1359702649985425,0.6521318259165231,0.7583972353277106,0.8019030817354863,0.154332685308008,0.02953893318772316,1.0,0.15433268530800806,0.023149902796201195,0.004430839978158474,0.15,0.02314990279620121,0.6521318259165232,0.4800314335295711,0.5629886865615845,0.6,0.48003143352957084,0.800052389215952,0.9383144776026408,1.0,0.8000523892159522,0.19525029518315323,0.21455969475837167,0.24390510970664128,0.1952502951831532,0.7810011807326129,0.8582387790334867,0.9756204388265651,0.7810011807326128,0.41840597161519144,0.36824526437404675,0.7336903358638585,0.004198603997776486,0.0,0.003545950042704741,0.004198603997776484,0.0006297905996664727,0.0,0.0005318925064057112,0.0006297905996664729,0.4184059716151912,0.2073053984594022,0.12779748439788818,0.6,0.20730539845940205,0.345508997432337,0.21299580732981366,1.0,0.3455089974323368,0.21173036375545562,0.23797988398460262,0.2455557262685775,0.21173036375545548,0.8469214550218225,0.9519195359384105,0.98222290507431,0.8469214550218219,0.40282934292989137,0.36267739506879537,0.7130862063243697,0.005049074668240082,0.0,0.004540850035846233,0.005049074668240078,0.0007573612002360122,0.0,0.000681127505376935,0.0007573612002360121,0.40282934292989125,0.19222521828247713,0.12520700097084045,0.6,0.192225218282477,0.3203753638041285,0.20867833495140076,1.0,0.3203753638041285,0.21136148584765027,0.2376816063451751,0.24547926859304373,0.21136148584765022,0.8454459433906011,0.9507264253807004,0.9819170743721749,0.8454459433906009,0.49850544725916596,0.49704133597728584,0.6722507365695402,0.27294915079344795,0.18469883004824322,1.0,0.2729491507934479,0.04094237261901718,0.027704824507236478,0.15,0.0409423726190172,0.49850544725916596,0.34464323194313257,0.3218888163566589,0.6,0.344643231943132,0.5744053865718878,0.5364813605944316,1.0,0.5744053865718879,0.1948045879350505,0.20939400034617955,0.2457609504273739,0.1948045879350504,0.779218351740202,0.8375760013847182,0.9830438017094956,0.7792183517402016,0.1840745951803623,0.17754937252450537,0.3668144288100487,0.18407459518036215,125.78705798206242,150.0,150.0,125.78705798206242,24.942396313364057,1647661507.0528424,0.0,216.49769585253455,60.38295046250391,65.44939422607422,70.41515846252442,60.38295046250391,37.16588837210484,127.70506912442396,125.78705798206242,150.0,150.0,125.78705798206242,24.942396313364057,1647661507.0528424,0.0,216.49769585253455,0.8862388187392791,0.9448161721229553,1.0307994961738587,0.8862388187392791,0.017291670348087523,127.70506912442396,7.294609950510468,6.718124030157924,11.563955107703805,0.03608333333333333,150.0,126.13268010187808,150.0,150.0,150.0,150.0,126.13268010187808,150.0,150.0,126.13268010187808,150.0,150.0,0.1359702649985424,0.12409711630335654,0.28663085175111386,0.1359702649985425,82.19930888078505,83.86040031909943,144.55657064914703,82.19930888078505,22.997891940476915,0.7727539244747381,84.39225831888788,3.729942401831386,1.0025819788605386,22.997891940476915,22.911984473466873,45.86850196123123,22.997891940476915,1.0012870093095139,94.19627684996837,94.19627684996837,0.7727539244747381,0.0062741933447901105,-1.3187888141914266,0.4893874526023865,14.32050848007202,-1.3187888141914266,521.0230414746544,84.39225831888788,61.55900061130524,259.4801020622252,84.39225831888788,3.729942401831386,0.49850544725916596,0.49704133597728584,0.6722507365695402,0.27294915079344795,0.18469883004824322,1.0,0.2729491507934479,0.04094237261901718,0.027704824507236478,0.15,0.0409423726190172,0.49850544725916596,0.34464323194313257,0.3218888163566589,0.6,0.344643231943132,0.5744053865718878,0.5364813605944316,1.0,0.5744053865718879,0.1948045879350505,0.20939400034617955,0.2457609504273739,0.1948045879350504,0.779218351740202,0.8375760013847182,0.9830438017094956,0.7792183517402016,0.531831984043396,73.41799179375309,73.41799179375309,73.7568199634552,116.7327344417572,73.41799179375309,7.317466601528706,6.794811924919486,11.310287052765489,gap-constrained-all-hard_50ms_300k_shield
